12, 0, 33
13, 0, 33
14, 0, 33
15, 0, 33
16, 0, 33
17, 0, 33
12, 0, 34
13, 0, 34
14, 0, 34
15, 0, 34
16, 0, 34
17, 0, 34
12, 0, 35
13, 0, 35
14, 0, 35
15, 0, 35
16, 0, 35
17, 0, 35
13, 0, 36
14, 0, 36
15, 0, 36
16, 0, 36
14, 0, 37
15, 0, 37
13, 1, 30
14, 1, 30
15, 1, 30
16, 1, 30
12, 1, 31
13, 1, 31
14, 1, 31
15, 1, 31
16, 1, 31
17, 1, 31
11, 1, 32
12, 1, 32
13, 1, 32
14, 1, 32
15, 1, 32
16, 1, 32
17, 1, 32
18, 1, 32
11, 1, 33
18, 1, 33
10, 1, 34
11, 1, 34
18, 1, 34
19, 1, 34
11, 1, 35
18, 1, 35
12, 1, 36
17, 1, 36
18, 1, 36
12, 1, 37
13, 1, 37
16, 1, 37
17, 1, 37
13, 1, 38
14, 1, 38
15, 1, 38
16, 1, 38
12, 2, 29
13, 2, 29
14, 2, 29
15, 2, 29
16, 2, 29
17, 2, 29
11, 2, 30
12, 2, 30
17, 2, 30
18, 2, 30
10, 2, 31
11, 2, 31
18, 2, 31
19, 2, 31
10, 2, 32
19, 2, 32
9, 2, 33
10, 2, 33
19, 2, 33
20, 2, 33
10, 2, 34
19, 2, 34
10, 2, 35
19, 2, 35
11, 2, 36
18, 2, 36
12, 2, 37
17, 2, 37
12, 2, 38
13, 2, 38
14, 2, 38
15, 2, 38
16, 2, 38
17, 2, 38
12, 3, 28
13, 3, 28
14, 3, 28
15, 3, 28
16, 3, 28
17, 3, 28
11, 3, 29
18, 3, 29
10, 3, 30
19, 3, 30
9, 3, 31
20, 3, 31
9, 3, 32
20, 3, 32
9, 3, 33
20, 3, 33
9, 3, 34
20, 3, 34
9, 3, 35
20, 3, 35
10, 3, 36
19, 3, 36
11, 3, 37
18, 3, 37
12, 3, 38
17, 3, 38
13, 3, 39
14, 3, 39
15, 3, 39
16, 3, 39
14, 4, 27
15, 4, 27
11, 4, 28
12, 4, 28
13, 4, 28
16, 4, 28
17, 4, 28
18, 4, 28
10, 4, 29
19, 4, 29
9, 4, 30
20, 4, 30
9, 4, 31
20, 4, 31
8, 4, 32
21, 4, 32
8, 4, 33
21, 4, 33
8, 4, 34
21, 4, 34
8, 4, 35
21, 4, 35
9, 4, 36
20, 4, 36
10, 4, 37
19, 4, 37
11, 4, 38
18, 4, 38
12, 4, 39
13, 4, 39
16, 4, 39
17, 4, 39
14, 4, 40
15, 4, 40
10, 5, 0
11, 5, 0
18, 5, 0
19, 5, 0
20, 5, 0
9, 5, 1
10, 5, 1
11, 5, 1
12, 5, 1
13, 5, 1
16, 5, 1
17, 5, 1
18, 5, 1
19, 5, 1
20, 5, 1
9, 5, 2
10, 5, 2
11, 5, 2
12, 5, 2
13, 5, 2
16, 5, 2
17, 5, 2
18, 5, 2
19, 5, 2
20, 5, 2
9, 5, 3
10, 5, 3
11, 5, 3
18, 5, 3
19, 5, 3
20, 5, 3
12, 5, 27
13, 5, 27
14, 5, 27
15, 5, 27
16, 5, 27
17, 5, 27
10, 5, 28
11, 5, 28
18, 5, 28
19, 5, 28
9, 5, 29
20, 5, 29
9, 5, 30
20, 5, 30
8, 5, 31
21, 5, 31
8, 5, 32
21, 5, 32
8, 5, 33
21, 5, 33
8, 5, 34
21, 5, 34
8, 5, 35
21, 5, 35
9, 5, 36
20, 5, 36
9, 5, 37
20, 5, 37
10, 5, 38
19, 5, 38
10, 5, 39
11, 5, 39
18, 5, 39
19, 5, 39
11, 5, 40
12, 5, 40
13, 5, 40
14, 5, 40
15, 5, 40
16, 5, 40
17, 5, 40
18, 5, 40
7, 6, 0
8, 6, 0
9, 6, 0
10, 6, 0
11, 6, 0
12, 6, 0
13, 6, 0
14, 6, 0
15, 6, 0
16, 6, 0
17, 6, 0
18, 6, 0
19, 6, 0
20, 6, 0
21, 6, 0
22, 6, 0
7, 6, 1
8, 6, 1
14, 6, 1
15, 6, 1
21, 6, 1
22, 6, 1
7, 6, 2
8, 6, 2
14, 6, 2
15, 6, 2
21, 6, 2
22, 6, 2
8, 6, 3
9, 6, 3
12, 6, 3
13, 6, 3
14, 6, 3
15, 6, 3
16, 6, 3
17, 6, 3
20, 6, 3
21, 6, 3
10, 6, 4
11, 6, 4
18, 6, 4
19, 6, 4
13, 6, 26
14, 6, 26
15, 6, 26
16, 6, 26
11, 6, 27
12, 6, 27
17, 6, 27
18, 6, 27
19, 6, 27
9, 6, 28
10, 6, 28
20, 6, 28
9, 6, 29
20, 6, 29
8, 6, 30
21, 6, 30
8, 6, 31
21, 6, 31
8, 6, 32
21, 6, 32
8, 6, 33
21, 6, 33
8, 6, 34
21, 6, 34
8, 6, 35
21, 6, 35
8, 6, 36
21, 6, 36
9, 6, 37
20, 6, 37
9, 6, 38
20, 6, 38
10, 6, 39
19, 6, 39
10, 6, 40
19, 6, 40
10, 6, 41
11, 6, 41
12, 6, 41
13, 6, 41
14, 6, 41
15, 6, 41
16, 6, 41
17, 6, 41
18, 6, 41
19, 6, 41
7, 7, 0
8, 7, 0
9, 7, 0
10, 7, 0
11, 7, 0
12, 7, 0
13, 7, 0
14, 7, 0
15, 7, 0
16, 7, 0
17, 7, 0
18, 7, 0
19, 7, 0
20, 7, 0
21, 7, 0
22, 7, 0
7, 7, 1
22, 7, 1
7, 7, 2
22, 7, 2
7, 7, 3
8, 7, 3
14, 7, 3
15, 7, 3
21, 7, 3
22, 7, 3
9, 7, 4
10, 7, 4
11, 7, 4
12, 7, 4
13, 7, 4
16, 7, 4
17, 7, 4
18, 7, 4
19, 7, 4
20, 7, 4
14, 7, 17
15, 7, 17
13, 7, 18
14, 7, 18
15, 7, 18
16, 7, 18
13, 7, 19
14, 7, 19
15, 7, 19
16, 7, 19
13, 7, 25
14, 7, 25
15, 7, 25
16, 7, 25
11, 7, 26
12, 7, 26
17, 7, 26
18, 7, 26
10, 7, 27
19, 7, 27
9, 7, 28
20, 7, 28
8, 7, 29
21, 7, 29
8, 7, 30
21, 7, 30
7, 7, 31
22, 7, 31
7, 7, 32
22, 7, 32
7, 7, 33
22, 7, 33
7, 7, 34
22, 7, 34
7, 7, 35
22, 7, 35
8, 7, 36
21, 7, 36
8, 7, 37
21, 7, 37
9, 7, 38
20, 7, 38
9, 7, 39
20, 7, 39
9, 7, 40
20, 7, 40
9, 7, 41
20, 7, 41
9, 7, 42
10, 7, 42
11, 7, 42
12, 7, 42
13, 7, 42
14, 7, 42
15, 7, 42
16, 7, 42
17, 7, 42
18, 7, 42
19, 7, 42
20, 7, 42
7, 8, 0
8, 8, 0
9, 8, 0
10, 8, 0
11, 8, 0
12, 8, 0
13, 8, 0
14, 8, 0
15, 8, 0
16, 8, 0
17, 8, 0
18, 8, 0
19, 8, 0
20, 8, 0
21, 8, 0
22, 8, 0
7, 8, 1
22, 8, 1
7, 8, 2
22, 8, 2
7, 8, 3
14, 8, 3
15, 8, 3
22, 8, 3
8, 8, 4
13, 8, 4
16, 8, 4
21, 8, 4
9, 8, 5
10, 8, 5
11, 8, 5
12, 8, 5
17, 8, 5
18, 8, 5
19, 8, 5
20, 8, 5
10, 8, 6
19, 8, 6
11, 8, 13
12, 8, 13
17, 8, 13
18, 8, 13
10, 8, 14
11, 8, 14
12, 8, 14
13, 8, 14
14, 8, 14
15, 8, 14
16, 8, 14
17, 8, 14
18, 8, 14
19, 8, 14
10, 8, 15
11, 8, 15
12, 8, 15
13, 8, 15
14, 8, 15
15, 8, 15
16, 8, 15
17, 8, 15
18, 8, 15
19, 8, 15
20, 8, 15
9, 8, 16
10, 8, 16
11, 8, 16
12, 8, 16
13, 8, 16
14, 8, 16
15, 8, 16
16, 8, 16
17, 8, 16
18, 8, 16
19, 8, 16
20, 8, 16
9, 8, 17
10, 8, 17
11, 8, 17
12, 8, 17
13, 8, 17
16, 8, 17
17, 8, 17
18, 8, 17
19, 8, 17
20, 8, 17
9, 8, 18
10, 8, 18
11, 8, 18
12, 8, 18
17, 8, 18
18, 8, 18
19, 8, 18
20, 8, 18
10, 8, 19
11, 8, 19
12, 8, 19
17, 8, 19
18, 8, 19
19, 8, 19
10, 8, 20
11, 8, 20
12, 8, 20
13, 8, 20
14, 8, 20
15, 8, 20
16, 8, 20
17, 8, 20
18, 8, 20
19, 8, 20
10, 8, 21
11, 8, 21
12, 8, 21
13, 8, 21
14, 8, 21
15, 8, 21
16, 8, 21
17, 8, 21
18, 8, 21
19, 8, 21
11, 8, 22
12, 8, 22
13, 8, 22
14, 8, 22
15, 8, 22
16, 8, 22
17, 8, 22
18, 8, 22
12, 8, 23
13, 8, 23
14, 8, 23
15, 8, 23
16, 8, 23
17, 8, 23
13, 8, 24
14, 8, 24
15, 8, 24
16, 8, 24
12, 8, 25
17, 8, 25
10, 8, 26
11, 8, 26
18, 8, 26
19, 8, 26
9, 8, 27
20, 8, 27
8, 8, 28
21, 8, 28
8, 8, 29
21, 8, 29
7, 8, 30
22, 8, 30
7, 8, 31
22, 8, 31
7, 8, 32
22, 8, 32
7, 8, 33
22, 8, 33
7, 8, 34
22, 8, 34
7, 8, 35
22, 8, 35
7, 8, 36
22, 8, 36
8, 8, 37
21, 8, 37
8, 8, 38
21, 8, 38
8, 8, 39
21, 8, 39
8, 8, 40
21, 8, 40
9, 8, 41
20, 8, 41
9, 8, 42
20, 8, 42
10, 8, 43
11, 8, 43
12, 8, 43
13, 8, 43
14, 8, 43
15, 8, 43
16, 8, 43
17, 8, 43
18, 8, 43
19, 8, 43
7, 9, 0
8, 9, 0
9, 9, 0
10, 9, 0
11, 9, 0
12, 9, 0
13, 9, 0
14, 9, 0
15, 9, 0
16, 9, 0
17, 9, 0
18, 9, 0
19, 9, 0
20, 9, 0
21, 9, 0
22, 9, 0
7, 9, 1
22, 9, 1
7, 9, 2
22, 9, 2
7, 9, 3
22, 9, 3
8, 9, 4
14, 9, 4
15, 9, 4
21, 9, 4
8, 9, 5
13, 9, 5
16, 9, 5
21, 9, 5
8, 9, 6
9, 9, 6
11, 9, 6
12, 9, 6
13, 9, 6
16, 9, 6
17, 9, 6
18, 9, 6
20, 9, 6
21, 9, 6
9, 9, 7
10, 9, 7
11, 9, 7
12, 9, 7
17, 9, 7
18, 9, 7
19, 9, 7
20, 9, 7
10, 9, 8
11, 9, 8
18, 9, 8
19, 9, 8
9, 9, 9
10, 9, 9
11, 9, 9
18, 9, 9
19, 9, 9
20, 9, 9
9, 9, 10
10, 9, 10
11, 9, 10
12, 9, 10
17, 9, 10
18, 9, 10
19, 9, 10
20, 9, 10
9, 9, 11
10, 9, 11
11, 9, 11
12, 9, 11
13, 9, 11
16, 9, 11
17, 9, 11
18, 9, 11
19, 9, 11
20, 9, 11
9, 9, 12
10, 9, 12
11, 9, 12
12, 9, 12
13, 9, 12
14, 9, 12
15, 9, 12
16, 9, 12
17, 9, 12
18, 9, 12
19, 9, 12
20, 9, 12
21, 9, 12
8, 9, 13
9, 9, 13
10, 9, 13
13, 9, 13
14, 9, 13
15, 9, 13
16, 9, 13
19, 9, 13
20, 9, 13
21, 9, 13
8, 9, 14
9, 9, 14
20, 9, 14
21, 9, 14
7, 9, 15
8, 9, 15
9, 9, 15
21, 9, 15
22, 9, 15
7, 9, 16
8, 9, 16
21, 9, 16
22, 9, 16
7, 9, 17
8, 9, 17
21, 9, 17
22, 9, 17
7, 9, 18
8, 9, 18
21, 9, 18
22, 9, 18
8, 9, 19
9, 9, 19
20, 9, 19
21, 9, 19
8, 9, 20
9, 9, 20
20, 9, 20
21, 9, 20
8, 9, 21
9, 9, 21
20, 9, 21
21, 9, 21
9, 9, 22
10, 9, 22
19, 9, 22
20, 9, 22
9, 9, 23
10, 9, 23
11, 9, 23
18, 9, 23
19, 9, 23
20, 9, 23
10, 9, 24
11, 9, 24
12, 9, 24
17, 9, 24
18, 9, 24
19, 9, 24
10, 9, 25
11, 9, 25
18, 9, 25
19, 9, 25
9, 9, 26
20, 9, 26
8, 9, 27
21, 9, 27
8, 9, 28
21, 9, 28
7, 9, 29
22, 9, 29
7, 9, 30
22, 9, 30
7, 9, 31
22, 9, 31
7, 9, 32
22, 9, 32
7, 9, 33
23, 9, 33
6, 9, 34
23, 9, 34
7, 9, 35
22, 9, 35
7, 9, 36
22, 9, 36
7, 9, 37
22, 9, 37
8, 9, 38
21, 9, 38
8, 9, 39
21, 9, 39
8, 9, 40
21, 9, 40
8, 9, 41
21, 9, 41
8, 9, 42
21, 9, 42
9, 9, 43
10, 9, 43
11, 9, 43
12, 9, 43
13, 9, 43
14, 9, 43
15, 9, 43
16, 9, 43
17, 9, 43
18, 9, 43
19, 9, 43
20, 9, 43
7, 10, 0
8, 10, 0
9, 10, 0
10, 10, 0
11, 10, 0
12, 10, 0
13, 10, 0
14, 10, 0
15, 10, 0
16, 10, 0
17, 10, 0
18, 10, 0
19, 10, 0
20, 10, 0
21, 10, 0
22, 10, 0
7, 10, 1
22, 10, 1
7, 10, 2
22, 10, 2
7, 10, 3
22, 10, 3
7, 10, 4
22, 10, 4
7, 10, 5
14, 10, 5
15, 10, 5
22, 10, 5
8, 10, 6
13, 10, 6
16, 10, 6
22, 10, 6
8, 10, 7
13, 10, 7
16, 10, 7
21, 10, 7
8, 10, 8
9, 10, 8
12, 10, 8
13, 10, 8
16, 10, 8
17, 10, 8
20, 10, 8
21, 10, 8
8, 10, 9
12, 10, 9
13, 10, 9
16, 10, 9
17, 10, 9
21, 10, 9
7, 10, 10
8, 10, 10
13, 10, 10
14, 10, 10
15, 10, 10
16, 10, 10
21, 10, 10
22, 10, 10
7, 10, 11
8, 10, 11
14, 10, 11
15, 10, 11
21, 10, 11
22, 10, 11
7, 10, 12
8, 10, 12
22, 10, 12
7, 10, 13
22, 10, 13
7, 10, 14
22, 10, 14
6, 10, 15
23, 10, 15
6, 10, 16
23, 10, 16
6, 10, 17
23, 10, 17
6, 10, 18
23, 10, 18
6, 10, 19
7, 10, 19
22, 10, 19
23, 10, 19
7, 10, 20
22, 10, 20
7, 10, 21
22, 10, 21
7, 10, 22
8, 10, 22
21, 10, 22
22, 10, 22
8, 10, 23
21, 10, 23
8, 10, 24
9, 10, 24
20, 10, 24
21, 10, 24
9, 10, 25
20, 10, 25
8, 10, 26
21, 10, 26
8, 10, 27
21, 10, 27
7, 10, 28
22, 10, 28
7, 10, 29
22, 10, 29
7, 10, 30
22, 10, 30
6, 10, 31
23, 10, 31
6, 10, 32
23, 10, 32
6, 10, 33
23, 10, 33
6, 10, 34
23, 10, 34
6, 10, 35
23, 10, 35
7, 10, 36
22, 10, 36
7, 10, 37
22, 10, 37
8, 10, 38
21, 10, 38
8, 10, 39
21, 10, 39
8, 10, 40
21, 10, 40
8, 10, 41
21, 10, 41
8, 10, 42
21, 10, 42
9, 10, 43
10, 10, 43
11, 10, 43
12, 10, 43
13, 10, 43
14, 10, 43
15, 10, 43
16, 10, 43
17, 10, 43
18, 10, 43
19, 10, 43
20, 10, 43
7, 11, 0
8, 11, 0
9, 11, 0
10, 11, 0
11, 11, 0
12, 11, 0
13, 11, 0
14, 11, 0
15, 11, 0
16, 11, 0
17, 11, 0
18, 11, 0
19, 11, 0
20, 11, 0
21, 11, 0
22, 11, 0
7, 11, 1
22, 11, 1
7, 11, 2
22, 11, 2
7, 11, 3
22, 11, 3
7, 11, 4
22, 11, 4
7, 11, 5
22, 11, 5
7, 11, 6
14, 11, 6
15, 11, 6
22, 11, 6
7, 11, 7
14, 11, 7
15, 11, 7
22, 11, 7
7, 11, 8
14, 11, 8
15, 11, 8
22, 11, 8
7, 11, 9
14, 11, 9
15, 11, 9
22, 11, 9
7, 11, 10
22, 11, 10
6, 11, 11
23, 11, 11
6, 11, 12
23, 11, 12
6, 11, 13
23, 11, 13
6, 11, 14
23, 11, 14
6, 11, 15
23, 11, 15
5, 11, 16
24, 11, 16
5, 11, 17
24, 11, 17
6, 11, 18
23, 11, 18
6, 11, 19
23, 11, 19
6, 11, 20
23, 11, 20
6, 11, 21
23, 11, 21
6, 11, 22
23, 11, 22
7, 11, 23
22, 11, 23
7, 11, 24
22, 11, 24
8, 11, 25
21, 11, 25
22, 11, 25
8, 11, 26
21, 11, 26
7, 11, 27
22, 11, 27
7, 11, 28
22, 11, 28
7, 11, 29
22, 11, 29
7, 11, 30
22, 11, 30
6, 11, 31
23, 11, 31
6, 11, 32
23, 11, 32
6, 11, 33
23, 11, 33
6, 11, 34
23, 11, 34
6, 11, 35
23, 11, 35
7, 11, 36
22, 11, 36
7, 11, 37
22, 11, 37
7, 11, 38
22, 11, 38
8, 11, 39
21, 11, 39
8, 11, 40
21, 11, 40
8, 11, 41
21, 11, 41
8, 11, 42
21, 11, 42
9, 11, 43
10, 11, 43
11, 11, 43
12, 11, 43
13, 11, 43
14, 11, 43
16, 11, 43
17, 11, 43
18, 11, 43
19, 11, 43
20, 11, 43
15, 11, 44
8, 12, 0
9, 12, 0
10, 12, 0
11, 12, 0
12, 12, 0
13, 12, 0
14, 12, 0
15, 12, 0
16, 12, 0
17, 12, 0
18, 12, 0
19, 12, 0
20, 12, 0
21, 12, 0
7, 12, 1
22, 12, 1
7, 12, 2
22, 12, 2
7, 12, 3
22, 12, 3
7, 12, 4
22, 12, 4
7, 12, 5
22, 12, 5
7, 12, 6
22, 12, 6
7, 12, 7
22, 12, 7
7, 12, 8
22, 12, 8
6, 12, 9
23, 12, 9
6, 12, 10
23, 12, 10
6, 12, 11
23, 12, 11
5, 12, 12
24, 12, 12
5, 12, 13
24, 12, 13
5, 12, 14
24, 12, 14
5, 12, 15
24, 12, 15
5, 12, 16
24, 12, 16
5, 12, 17
24, 12, 17
5, 12, 18
24, 12, 18
5, 12, 19
24, 12, 19
5, 12, 20
24, 12, 20
6, 12, 21
23, 12, 21
6, 12, 22
23, 12, 22
6, 12, 23
23, 12, 23
6, 12, 24
23, 12, 24
7, 12, 25
22, 12, 25
7, 12, 26
22, 12, 26
7, 12, 27
22, 12, 27
7, 12, 28
22, 12, 28
7, 12, 29
22, 12, 29
6, 12, 30
23, 12, 30
6, 12, 31
23, 12, 31
6, 12, 32
23, 12, 32
6, 12, 33
23, 12, 33
6, 12, 34
23, 12, 34
6, 12, 35
23, 12, 35
6, 12, 36
23, 12, 36
7, 12, 37
22, 12, 37
7, 12, 38
22, 12, 38
8, 12, 39
21, 12, 39
8, 12, 40
21, 12, 40
8, 12, 41
21, 12, 41
8, 12, 42
21, 12, 42
9, 12, 43
10, 12, 43
11, 12, 43
12, 12, 43
17, 12, 43
18, 12, 43
19, 12, 43
20, 12, 43
13, 12, 44
14, 12, 44
15, 12, 44
16, 12, 44
8, 13, 0
9, 13, 0
10, 13, 0
11, 13, 0
12, 13, 0
13, 13, 0
14, 13, 0
15, 13, 0
16, 13, 0
17, 13, 0
18, 13, 0
19, 13, 0
20, 13, 0
21, 13, 0
7, 13, 1
22, 13, 1
7, 13, 2
22, 13, 2
7, 13, 3
22, 13, 3
7, 13, 4
22, 13, 4
7, 13, 5
22, 13, 5
7, 13, 6
22, 13, 6
7, 13, 7
23, 13, 7
6, 13, 8
23, 13, 8
6, 13, 9
23, 13, 9
6, 13, 10
23, 13, 10
5, 13, 11
24, 13, 11
5, 13, 12
24, 13, 12
5, 13, 13
24, 13, 13
5, 13, 14
24, 13, 14
5, 13, 15
24, 13, 15
4, 13, 16
25, 13, 16
4, 13, 17
25, 13, 17
4, 13, 18
25, 13, 18
5, 13, 19
24, 13, 19
5, 13, 20
24, 13, 20
5, 13, 21
24, 13, 21
5, 13, 22
24, 13, 22
6, 13, 23
23, 13, 23
6, 13, 24
23, 13, 24
6, 13, 25
23, 13, 25
7, 13, 26
22, 13, 26
7, 13, 27
22, 13, 27
7, 13, 28
22, 13, 28
6, 13, 29
23, 13, 29
6, 13, 30
23, 13, 30
6, 13, 31
23, 13, 31
6, 13, 32
23, 13, 32
6, 13, 33
23, 13, 33
6, 13, 34
23, 13, 34
6, 13, 35
23, 13, 35
6, 13, 36
23, 13, 36
7, 13, 37
22, 13, 37
7, 13, 38
22, 13, 38
7, 13, 39
22, 13, 39
8, 13, 40
21, 13, 40
8, 13, 41
21, 13, 41
9, 13, 42
20, 13, 42
10, 13, 43
11, 13, 43
12, 13, 43
17, 13, 43
18, 13, 43
19, 13, 43
13, 13, 44
14, 13, 44
15, 13, 44
16, 13, 44
11, 14, 0
12, 14, 0
17, 14, 0
18, 14, 0
8, 14, 1
9, 14, 1
10, 14, 1
11, 14, 1
12, 14, 1
13, 14, 1
14, 14, 1
15, 14, 1
16, 14, 1
17, 14, 1
18, 14, 1
19, 14, 1
20, 14, 1
21, 14, 1
8, 14, 2
13, 14, 2
14, 14, 2
15, 14, 2
16, 14, 2
21, 14, 2
7, 14, 3
14, 14, 3
15, 14, 3
22, 14, 3
7, 14, 4
22, 14, 4
7, 14, 5
22, 14, 5
7, 14, 6
23, 14, 6
6, 14, 7
23, 14, 7
6, 14, 8
23, 14, 8
6, 14, 9
23, 14, 9
5, 14, 10
24, 14, 10
5, 14, 11
24, 14, 11
5, 14, 12
24, 14, 12
4, 14, 13
25, 14, 13
4, 14, 14
25, 14, 14
4, 14, 15
25, 14, 15
4, 14, 16
25, 14, 16
4, 14, 17
25, 14, 17
4, 14, 18
25, 14, 18
4, 14, 19
25, 14, 19
5, 14, 20
25, 14, 20
5, 14, 21
24, 14, 21
5, 14, 22
24, 14, 22
5, 14, 23
24, 14, 23
6, 14, 24
23, 14, 24
6, 14, 25
23, 14, 25
6, 14, 26
23, 14, 26
7, 14, 27
22, 14, 27
7, 14, 28
22, 14, 28
6, 14, 29
23, 14, 29
6, 14, 30
23, 14, 30
6, 14, 31
23, 14, 31
6, 14, 32
23, 14, 32
6, 14, 33
23, 14, 33
6, 14, 34
23, 14, 34
6, 14, 35
23, 14, 35
6, 14, 36
23, 14, 36
6, 14, 37
23, 14, 37
7, 14, 38
22, 14, 38
7, 14, 39
22, 14, 39
8, 14, 40
21, 14, 40
8, 14, 41
21, 14, 41
9, 14, 42
20, 14, 42
10, 14, 43
11, 14, 43
18, 14, 43
19, 14, 43
12, 14, 44
13, 14, 44
14, 14, 44
15, 14, 44
16, 14, 44
17, 14, 44
9, 15, 2
10, 15, 2
11, 15, 2
12, 15, 2
17, 15, 2
18, 15, 2
19, 15, 2
20, 15, 2
8, 15, 3
9, 15, 3
11, 15, 3
12, 15, 3
13, 15, 3
16, 15, 3
17, 15, 3
18, 15, 3
20, 15, 3
21, 15, 3
8, 15, 4
14, 15, 4
15, 15, 4
22, 15, 4
7, 15, 5
22, 15, 5
7, 15, 6
22, 15, 6
6, 15, 7
23, 15, 7
6, 15, 8
23, 15, 8
5, 15, 9
24, 15, 9
5, 15, 10
24, 15, 10
5, 15, 11
24, 15, 11
5, 15, 12
25, 15, 12
4, 15, 13
25, 15, 13
4, 15, 14
25, 15, 14
4, 15, 15
25, 15, 15
4, 15, 16
25, 15, 16
4, 15, 17
25, 15, 17
4, 15, 18
25, 15, 18
4, 15, 19
25, 15, 19
4, 15, 20
25, 15, 20
4, 15, 21
25, 15, 21
5, 15, 22
24, 15, 22
5, 15, 23
24, 15, 23
5, 15, 24
24, 15, 24
6, 15, 25
23, 15, 25
6, 15, 26
23, 15, 26
6, 15, 27
23, 15, 27
6, 15, 28
23, 15, 28
6, 15, 29
23, 15, 29
6, 15, 30
23, 15, 30
6, 15, 31
23, 15, 31
6, 15, 32
23, 15, 32
6, 15, 33
23, 15, 33
6, 15, 34
23, 15, 34
6, 15, 35
23, 15, 35
6, 15, 36
23, 15, 36
6, 15, 37
23, 15, 37
7, 15, 38
22, 15, 38
7, 15, 39
22, 15, 39
8, 15, 40
21, 15, 40
8, 15, 41
21, 15, 41
9, 15, 42
20, 15, 42
10, 15, 43
19, 15, 43
11, 15, 44
12, 15, 44
13, 15, 44
14, 15, 44
15, 15, 44
16, 15, 44
17, 15, 44
18, 15, 44
19, 15, 44
10, 16, 3
19, 16, 3
8, 16, 4
9, 16, 4
10, 16, 4
11, 16, 4
12, 16, 4
13, 16, 4
14, 16, 4
15, 16, 4
16, 16, 4
17, 16, 4
18, 16, 4
19, 16, 4
20, 16, 4
21, 16, 4
7, 16, 5
22, 16, 5
7, 16, 6
22, 16, 6
6, 16, 7
23, 16, 7
6, 16, 8
23, 16, 8
5, 16, 9
24, 16, 9
5, 16, 10
24, 16, 10
5, 16, 11
24, 16, 11
4, 16, 12
25, 16, 12
4, 16, 13
25, 16, 13
4, 16, 14
25, 16, 14
4, 16, 15
25, 16, 15
4, 16, 16
25, 16, 16
4, 16, 17
25, 16, 17
4, 16, 18
25, 16, 18
4, 16, 19
25, 16, 19
4, 16, 20
25, 16, 20
4, 16, 21
25, 16, 21
4, 16, 22
25, 16, 22
5, 16, 23
24, 16, 23
5, 16, 24
24, 16, 24
5, 16, 25
24, 16, 25
6, 16, 26
23, 16, 26
6, 16, 27
23, 16, 27
6, 16, 28
23, 16, 28
6, 16, 29
23, 16, 29
6, 16, 30
23, 16, 30
6, 16, 31
23, 16, 31
6, 16, 32
23, 16, 32
6, 16, 33
23, 16, 33
6, 16, 34
23, 16, 34
6, 16, 35
23, 16, 35
6, 16, 36
23, 16, 36
7, 16, 37
22, 16, 37
7, 16, 38
22, 16, 38
7, 16, 39
22, 16, 39
8, 16, 40
21, 16, 40
9, 16, 41
21, 16, 41
9, 16, 42
20, 16, 42
10, 16, 43
19, 16, 43
10, 16, 44
14, 16, 44
15, 16, 44
19, 16, 44
10, 16, 45
11, 16, 45
12, 16, 45
13, 16, 45
16, 16, 45
17, 16, 45
18, 16, 45
19, 16, 45
10, 16, 46
11, 16, 46
12, 16, 46
13, 16, 46
16, 16, 46
17, 16, 46
18, 16, 46
19, 16, 46
11, 16, 47
18, 16, 47
8, 17, 5
9, 17, 5
10, 17, 5
11, 17, 5
12, 17, 5
13, 17, 5
14, 17, 5
15, 17, 5
16, 17, 5
17, 17, 5
18, 17, 5
19, 17, 5
20, 17, 5
21, 17, 5
8, 17, 6
21, 17, 6
7, 17, 7
22, 17, 7
6, 17, 8
23, 17, 8
5, 17, 9
24, 17, 9
5, 17, 10
24, 17, 10
5, 17, 11
24, 17, 11
4, 17, 12
25, 17, 12
4, 17, 13
25, 17, 13
4, 17, 14
25, 17, 14
4, 17, 15
25, 17, 15
4, 17, 16
25, 17, 16
4, 17, 17
25, 17, 17
4, 17, 18
25, 17, 18
4, 17, 19
26, 17, 19
4, 17, 20
25, 17, 20
4, 17, 21
25, 17, 21
4, 17, 22
25, 17, 22
4, 17, 23
25, 17, 23
4, 17, 24
25, 17, 24
5, 17, 25
24, 17, 25
5, 17, 26
24, 17, 26
6, 17, 27
23, 17, 27
6, 17, 28
23, 17, 28
6, 17, 29
23, 17, 29
6, 17, 30
23, 17, 30
6, 17, 31
23, 17, 31
6, 17, 32
23, 17, 32
6, 17, 33
23, 17, 33
6, 17, 34
23, 17, 34
6, 17, 35
23, 17, 35
7, 17, 36
22, 17, 36
7, 17, 37
22, 17, 37
7, 17, 38
22, 17, 38
8, 17, 39
21, 17, 39
8, 17, 40
21, 17, 40
9, 17, 41
20, 17, 41
9, 17, 42
20, 17, 42
10, 17, 43
19, 17, 43
10, 17, 44
19, 17, 44
10, 17, 45
14, 17, 45
15, 17, 45
19, 17, 45
9, 17, 46
14, 17, 46
15, 17, 46
20, 17, 46
9, 17, 47
10, 17, 47
12, 17, 47
13, 17, 47
16, 17, 47
17, 17, 47
19, 17, 47
20, 17, 47
10, 17, 48
11, 17, 48
12, 17, 48
13, 17, 48
16, 17, 48
17, 17, 48
18, 17, 48
19, 17, 48
11, 17, 49
12, 17, 49
17, 17, 49
18, 17, 49
19, 17, 49
10, 18, 5
11, 18, 5
12, 18, 5
13, 18, 5
14, 18, 5
15, 18, 5
16, 18, 5
17, 18, 5
18, 18, 5
19, 18, 5
9, 18, 6
20, 18, 6
21, 18, 6
7, 18, 7
8, 18, 7
22, 18, 7
6, 18, 8
23, 18, 8
6, 18, 9
23, 18, 9
5, 18, 10
24, 18, 10
5, 18, 11
24, 18, 11
4, 18, 12
25, 18, 12
4, 18, 13
25, 18, 13
4, 18, 14
25, 18, 14
4, 18, 15
25, 18, 15
4, 18, 16
25, 18, 16
3, 18, 17
26, 18, 17
3, 18, 18
26, 18, 18
3, 18, 19
26, 18, 19
3, 18, 20
26, 18, 20
4, 18, 21
26, 18, 21
4, 18, 22
25, 18, 22
4, 18, 23
25, 18, 23
4, 18, 24
25, 18, 24
5, 18, 25
24, 18, 25
5, 18, 26
24, 18, 26
5, 18, 27
24, 18, 27
6, 18, 28
23, 18, 28
6, 18, 29
23, 18, 29
6, 18, 30
23, 18, 30
7, 18, 31
22, 18, 31
7, 18, 32
22, 18, 32
7, 18, 33
22, 18, 33
7, 18, 34
22, 18, 34
7, 18, 35
22, 18, 35
7, 18, 36
22, 18, 36
7, 18, 37
22, 18, 37
8, 18, 38
21, 18, 38
8, 18, 39
21, 18, 39
9, 18, 40
20, 18, 40
9, 18, 41
20, 18, 41
10, 18, 42
19, 18, 42
10, 18, 43
11, 18, 43
18, 18, 43
19, 18, 43
10, 18, 44
19, 18, 44
10, 18, 45
19, 18, 45
9, 18, 46
20, 18, 46
9, 18, 47
14, 18, 47
15, 18, 47
20, 18, 47
9, 18, 48
13, 18, 48
16, 18, 48
20, 18, 48
9, 18, 49
10, 18, 49
13, 18, 49
16, 18, 49
20, 18, 49
10, 18, 50
11, 18, 50
12, 18, 50
17, 18, 50
18, 18, 50
19, 18, 50
12, 19, 4
13, 19, 4
14, 19, 4
15, 19, 4
16, 19, 4
17, 19, 4
10, 19, 5
11, 19, 5
18, 19, 5
19, 19, 5
9, 19, 6
20, 19, 6
8, 19, 7
21, 19, 7
7, 19, 8
22, 19, 8
6, 19, 9
23, 19, 9
5, 19, 10
24, 19, 10
5, 19, 11
24, 19, 11
4, 19, 12
25, 19, 12
4, 19, 13
25, 19, 13
4, 19, 14
25, 19, 14
4, 19, 15
25, 19, 15
3, 19, 16
26, 19, 16
3, 19, 17
26, 19, 17
3, 19, 18
26, 19, 18
3, 19, 19
26, 19, 19
3, 19, 20
26, 19, 20
3, 19, 21
26, 19, 21
4, 19, 22
25, 19, 22
4, 19, 23
25, 19, 23
4, 19, 24
25, 19, 24
4, 19, 25
25, 19, 25
5, 19, 26
24, 19, 26
5, 19, 27
24, 19, 27
6, 19, 28
23, 19, 28
6, 19, 29
23, 19, 29
7, 19, 30
22, 19, 30
7, 19, 31
22, 19, 31
7, 19, 32
22, 19, 32
7, 19, 33
22, 19, 33
7, 19, 34
22, 19, 34
7, 19, 35
22, 19, 35
8, 19, 36
21, 19, 36
8, 19, 37
21, 19, 37
8, 19, 38
21, 19, 38
9, 19, 39
21, 19, 39
9, 19, 40
20, 19, 40
9, 19, 41
20, 19, 41
10, 19, 42
11, 19, 42
18, 19, 42
19, 19, 42
12, 19, 43
17, 19, 43
11, 19, 44
18, 19, 44
11, 19, 45
18, 19, 45
19, 19, 45
10, 19, 46
19, 19, 46
9, 19, 47
20, 19, 47
9, 19, 48
14, 19, 48
15, 19, 48
20, 19, 48
9, 19, 49
13, 19, 49
16, 19, 49
20, 19, 49
9, 19, 50
13, 19, 50
16, 19, 50
20, 19, 50
10, 19, 51
11, 19, 51
12, 19, 51
17, 19, 51
18, 19, 51
19, 19, 51
11, 19, 52
18, 19, 52
11, 20, 4
12, 20, 4
13, 20, 4
14, 20, 4
15, 20, 4
16, 20, 4
17, 20, 4
18, 20, 4
10, 20, 5
19, 20, 5
9, 20, 6
20, 20, 6
8, 20, 7
21, 20, 7
7, 20, 8
22, 20, 8
6, 20, 9
23, 20, 9
5, 20, 10
24, 20, 10
5, 20, 11
24, 20, 11
4, 20, 12
25, 20, 12
4, 20, 13
25, 20, 13
4, 20, 14
25, 20, 14
3, 20, 15
26, 20, 15
3, 20, 16
26, 20, 16
3, 20, 17
26, 20, 17
3, 20, 18
26, 20, 18
3, 20, 19
26, 20, 19
3, 20, 20
26, 20, 20
3, 20, 21
26, 20, 21
3, 20, 22
26, 20, 22
4, 20, 23
25, 20, 23
4, 20, 24
25, 20, 24
4, 20, 25
25, 20, 25
4, 20, 26
25, 20, 26
5, 20, 27
24, 20, 27
6, 20, 28
23, 20, 28
6, 20, 29
23, 20, 29
7, 20, 30
22, 20, 30
8, 20, 31
21, 20, 31
8, 20, 32
21, 20, 32
8, 20, 33
21, 20, 33
8, 20, 34
21, 20, 34
8, 20, 35
21, 20, 35
8, 20, 36
9, 20, 36
21, 20, 36
9, 20, 37
20, 20, 37
9, 20, 38
20, 20, 38
9, 20, 39
20, 20, 39
9, 20, 40
20, 20, 40
9, 20, 41
20, 20, 41
10, 20, 42
11, 20, 42
18, 20, 42
19, 20, 42
12, 20, 43
17, 20, 43
12, 20, 44
17, 20, 44
12, 20, 45
17, 20, 45
11, 20, 46
18, 20, 46
10, 20, 47
19, 20, 47
9, 20, 48
20, 20, 48
9, 20, 49
14, 20, 49
15, 20, 49
20, 20, 49
9, 20, 50
13, 20, 50
16, 20, 50
20, 20, 50
9, 20, 51
13, 20, 51
16, 20, 51
20, 20, 51
10, 20, 52
12, 20, 52
13, 20, 52
16, 20, 52
17, 20, 52
19, 20, 52
11, 20, 53
18, 20, 53
12, 21, 3
13, 21, 3
14, 21, 3
15, 21, 3
16, 21, 3
17, 21, 3
10, 21, 4
11, 21, 4
18, 21, 4
19, 21, 4
9, 21, 5
20, 21, 5
8, 21, 6
21, 21, 6
7, 21, 7
22, 21, 7
6, 21, 8
23, 21, 8
6, 21, 9
23, 21, 9
5, 21, 10
24, 21, 10
4, 21, 11
25, 21, 11
4, 21, 12
25, 21, 12
4, 21, 13
25, 21, 13
3, 21, 14
26, 21, 14
3, 21, 15
26, 21, 15
3, 21, 16
26, 21, 16
3, 21, 17
26, 21, 17
3, 21, 18
26, 21, 18
3, 21, 19
26, 21, 19
3, 21, 20
26, 21, 20
3, 21, 21
26, 21, 21
3, 21, 22
26, 21, 22
3, 21, 23
26, 21, 23
4, 21, 24
25, 21, 24
4, 21, 25
25, 21, 25
4, 21, 26
25, 21, 26
5, 21, 27
24, 21, 27
6, 21, 28
24, 21, 28
6, 21, 29
23, 21, 29
7, 21, 30
22, 21, 30
8, 21, 31
21, 21, 31
9, 21, 32
20, 21, 32
9, 21, 33
10, 21, 33
19, 21, 33
20, 21, 33
9, 21, 34
10, 21, 34
19, 21, 34
20, 21, 34
9, 21, 35
10, 21, 35
19, 21, 35
20, 21, 35
10, 21, 36
11, 21, 36
18, 21, 36
19, 21, 36
20, 21, 36
10, 21, 37
11, 21, 37
18, 21, 37
19, 21, 37
10, 21, 38
11, 21, 38
12, 21, 38
13, 21, 38
14, 21, 38
15, 21, 38
16, 21, 38
17, 21, 38
18, 21, 38
19, 21, 38
10, 21, 39
14, 21, 39
15, 21, 39
19, 21, 39
9, 21, 40
15, 21, 40
20, 21, 40
9, 21, 41
20, 21, 41
10, 21, 42
19, 21, 42
10, 21, 43
11, 21, 43
18, 21, 43
19, 21, 43
11, 21, 44
18, 21, 44
12, 21, 45
17, 21, 45
11, 21, 46
18, 21, 46
11, 21, 47
18, 21, 47
10, 21, 48
19, 21, 48
10, 21, 49
19, 21, 49
9, 21, 50
14, 21, 50
15, 21, 50
20, 21, 50
9, 21, 51
13, 21, 51
16, 21, 51
20, 21, 51
9, 21, 52
13, 21, 52
16, 21, 52
20, 21, 52
10, 21, 53
11, 21, 53
12, 21, 53
17, 21, 53
18, 21, 53
19, 21, 53
5, 22, 1
6, 22, 1
7, 22, 1
22, 22, 1
23, 22, 1
24, 22, 1
5, 22, 2
6, 22, 2
7, 22, 2
8, 22, 2
13, 22, 2
14, 22, 2
15, 22, 2
16, 22, 2
21, 22, 2
22, 22, 2
23, 22, 2
24, 22, 2
6, 22, 3
7, 22, 3
10, 22, 3
11, 22, 3
12, 22, 3
17, 22, 3
18, 22, 3
19, 22, 3
22, 22, 3
23, 22, 3
9, 22, 4
20, 22, 4
8, 22, 5
21, 22, 5
7, 22, 6
22, 22, 6
6, 22, 7
23, 22, 7
6, 22, 8
23, 22, 8
5, 22, 9
24, 22, 9
4, 22, 10
25, 22, 10
4, 22, 11
25, 22, 11
4, 22, 12
25, 22, 12
3, 22, 13
26, 22, 13
3, 22, 14
26, 22, 14
3, 22, 15
26, 22, 15
3, 22, 16
26, 22, 16
3, 22, 17
26, 22, 17
3, 22, 18
26, 22, 18
3, 22, 19
26, 22, 19
3, 22, 20
26, 22, 20
3, 22, 21
26, 22, 21
3, 22, 22
26, 22, 22
3, 22, 23
26, 22, 23
4, 22, 24
25, 22, 24
4, 22, 25
25, 22, 25
4, 22, 26
25, 22, 26
5, 22, 27
24, 22, 27
6, 22, 28
24, 22, 28
6, 22, 29
23, 22, 29
7, 22, 30
22, 22, 30
8, 22, 31
21, 22, 31
9, 22, 32
10, 22, 32
19, 22, 32
20, 22, 32
11, 22, 33
12, 22, 33
17, 22, 33
18, 22, 33
11, 22, 34
12, 22, 34
13, 22, 34
14, 22, 34
15, 22, 34
16, 22, 34
17, 22, 34
18, 22, 34
11, 22, 35
12, 22, 35
13, 22, 35
14, 22, 35
15, 22, 35
16, 22, 35
17, 22, 35
18, 22, 35
12, 22, 36
13, 22, 36
14, 22, 36
15, 22, 36
16, 22, 36
17, 22, 36
12, 22, 37
13, 22, 37
14, 22, 37
15, 22, 37
16, 22, 37
17, 22, 37
11, 22, 39
12, 22, 39
13, 22, 39
16, 22, 39
17, 22, 39
18, 22, 39
10, 22, 40
13, 22, 40
14, 22, 40
16, 22, 40
19, 22, 40
10, 22, 41
14, 22, 41
15, 22, 41
19, 22, 41
10, 22, 42
14, 22, 42
15, 22, 42
19, 22, 42
10, 22, 43
14, 22, 43
15, 22, 43
19, 22, 43
10, 22, 44
14, 22, 44
15, 22, 44
19, 22, 44
11, 22, 45
15, 22, 45
18, 22, 45
11, 22, 46
18, 22, 46
11, 22, 47
18, 22, 47
11, 22, 48
18, 22, 48
10, 22, 49
19, 22, 49
10, 22, 50
14, 22, 50
15, 22, 50
19, 22, 50
9, 22, 51
13, 22, 51
16, 22, 51
20, 22, 51
9, 22, 52
13, 22, 52
16, 22, 52
20, 22, 52
10, 22, 53
13, 22, 53
16, 22, 53
19, 22, 53
10, 22, 54
11, 22, 54
12, 22, 54
17, 22, 54
18, 22, 54
19, 22, 54
4, 23, 0
5, 23, 0
6, 23, 0
7, 23, 0
8, 23, 0
21, 23, 0
22, 23, 0
23, 23, 0
24, 23, 0
25, 23, 0
3, 23, 1
4, 23, 1
8, 23, 1
21, 23, 1
25, 23, 1
26, 23, 1
3, 23, 2
4, 23, 2
8, 23, 2
11, 23, 2
12, 23, 2
13, 23, 2
14, 23, 2
15, 23, 2
16, 23, 2
17, 23, 2
18, 23, 2
21, 23, 2
25, 23, 2
26, 23, 2
4, 23, 3
5, 23, 3
6, 23, 3
7, 23, 3
8, 23, 3
9, 23, 3
10, 23, 3
19, 23, 3
20, 23, 3
21, 23, 3
22, 23, 3
23, 23, 3
24, 23, 3
25, 23, 3
8, 23, 4
21, 23, 4
7, 23, 5
22, 23, 5
6, 23, 6
23, 23, 6
6, 23, 7
23, 23, 7
5, 23, 8
24, 23, 8
4, 23, 9
25, 23, 9
4, 23, 10
25, 23, 10
3, 23, 11
26, 23, 11
3, 23, 12
26, 23, 12
3, 23, 13
26, 23, 13
3, 23, 14
26, 23, 14
3, 23, 15
26, 23, 15
3, 23, 16
26, 23, 16
3, 23, 17
26, 23, 17
3, 23, 18
26, 23, 18
3, 23, 19
26, 23, 19
3, 23, 20
26, 23, 20
3, 23, 21
26, 23, 21
3, 23, 22
26, 23, 22
3, 23, 23
26, 23, 23
3, 23, 24
26, 23, 24
4, 23, 25
25, 23, 25
4, 23, 26
25, 23, 26
5, 23, 27
24, 23, 27
6, 23, 28
23, 23, 28
6, 23, 29
23, 23, 29
7, 23, 30
8, 23, 30
21, 23, 30
22, 23, 30
9, 23, 31
20, 23, 31
10, 23, 32
11, 23, 32
12, 23, 32
17, 23, 32
18, 23, 32
19, 23, 32
13, 23, 33
14, 23, 33
15, 23, 33
16, 23, 33
11, 23, 40
12, 23, 40
17, 23, 40
18, 23, 40
10, 23, 41
11, 23, 41
12, 23, 41
13, 23, 41
16, 23, 41
17, 23, 41
18, 23, 41
19, 23, 41
10, 23, 42
13, 23, 42
16, 23, 42
19, 23, 42
9, 23, 43
13, 23, 43
16, 23, 43
20, 23, 43
9, 23, 44
13, 23, 44
16, 23, 44
20, 23, 44
10, 23, 45
14, 23, 45
16, 23, 45
19, 23, 45
10, 23, 46
14, 23, 46
15, 23, 46
19, 23, 46
10, 23, 47
14, 23, 47
15, 23, 47
19, 23, 47
11, 23, 48
14, 23, 48
15, 23, 48
18, 23, 48
11, 23, 49
14, 23, 49
15, 23, 49
18, 23, 49
10, 23, 50
13, 23, 50
16, 23, 50
19, 23, 50
10, 23, 51
13, 23, 51
16, 23, 51
19, 23, 51
10, 23, 52
13, 23, 52
16, 23, 52
19, 23, 52
10, 23, 53
13, 23, 53
16, 23, 53
19, 23, 53
10, 23, 54
12, 23, 54
17, 23, 54
19, 23, 54
10, 23, 55
11, 23, 55
18, 23, 55
19, 23, 55
3, 24, 0
4, 24, 0
5, 24, 0
6, 24, 0
7, 24, 0
8, 24, 0
21, 24, 0
22, 24, 0
23, 24, 0
24, 24, 0
25, 24, 0
26, 24, 0
3, 24, 1
9, 24, 1
12, 24, 1
13, 24, 1
14, 24, 1
15, 24, 1
16, 24, 1
17, 24, 1
20, 24, 1
26, 24, 1
3, 24, 2
9, 24, 2
10, 24, 2
11, 24, 2
18, 24, 2
19, 24, 2
20, 24, 2
26, 24, 2
3, 24, 3
4, 24, 3
25, 24, 3
26, 24, 3
5, 24, 4
6, 24, 4
7, 24, 4
22, 24, 4
23, 24, 4
24, 24, 4
7, 24, 5
22, 24, 5
6, 24, 6
23, 24, 6
5, 24, 7
24, 24, 7
5, 24, 8
24, 24, 8
4, 24, 9
25, 24, 9
3, 24, 10
26, 24, 10
3, 24, 11
26, 24, 11
3, 24, 12
26, 24, 12
3, 24, 13
26, 24, 13
3, 24, 14
26, 24, 14
3, 24, 15
26, 24, 15
2, 24, 16
27, 24, 16
3, 24, 17
27, 24, 17
3, 24, 18
26, 24, 18
3, 24, 19
26, 24, 19
3, 24, 20
26, 24, 20
3, 24, 21
26, 24, 21
3, 24, 22
26, 24, 22
3, 24, 23
26, 24, 23
3, 24, 24
26, 24, 24
4, 24, 25
25, 24, 25
4, 24, 26
25, 24, 26
5, 24, 27
24, 24, 27
6, 24, 28
23, 24, 28
7, 24, 29
22, 24, 29
8, 24, 30
21, 24, 30
9, 24, 31
10, 24, 31
19, 24, 31
20, 24, 31
11, 24, 32
12, 24, 32
13, 24, 32
14, 24, 32
15, 24, 32
16, 24, 32
17, 24, 32
18, 24, 32
10, 24, 42
11, 24, 42
12, 24, 42
17, 24, 42
18, 24, 42
19, 24, 42
10, 24, 43
13, 24, 43
16, 24, 43
20, 24, 43
9, 24, 44
13, 24, 44
16, 24, 44
20, 24, 44
9, 24, 45
13, 24, 45
16, 24, 45
20, 24, 45
9, 24, 46
13, 24, 46
16, 24, 46
20, 24, 46
9, 24, 47
13, 24, 47
16, 24, 47
20, 24, 47
10, 24, 48
13, 24, 48
16, 24, 48
19, 24, 48
10, 24, 49
13, 24, 49
16, 24, 49
19, 24, 49
10, 24, 50
13, 24, 50
16, 24, 50
19, 24, 50
10, 24, 51
13, 24, 51
16, 24, 51
19, 24, 51
10, 24, 52
13, 24, 52
16, 24, 52
19, 24, 52
10, 24, 53
13, 24, 53
16, 24, 53
19, 24, 53
10, 24, 54
12, 24, 54
17, 24, 54
19, 24, 54
10, 24, 55
11, 24, 55
12, 24, 55
18, 24, 55
19, 24, 55
3, 25, 0
4, 25, 0
5, 25, 0
6, 25, 0
7, 25, 0
8, 25, 0
9, 25, 0
13, 25, 0
14, 25, 0
15, 25, 0
16, 25, 0
20, 25, 0
21, 25, 0
22, 25, 0
23, 25, 0
24, 25, 0
25, 25, 0
26, 25, 0
2, 25, 1
10, 25, 1
11, 25, 1
12, 25, 1
17, 25, 1
18, 25, 1
19, 25, 1
27, 25, 1
2, 25, 2
27, 25, 2
3, 25, 3
26, 25, 3
4, 25, 4
5, 25, 4
24, 25, 4
25, 25, 4
6, 25, 5
23, 25, 5
6, 25, 6
23, 25, 6
5, 25, 7
24, 25, 7
4, 25, 8
25, 25, 8
4, 25, 9
25, 25, 9
3, 25, 10
26, 25, 10
3, 25, 11
26, 25, 11
3, 25, 12
26, 25, 12
2, 25, 13
27, 25, 13
2, 25, 14
27, 25, 14
2, 25, 15
27, 25, 15
2, 25, 16
27, 25, 16
2, 25, 17
27, 25, 17
2, 25, 18
27, 25, 18
2, 25, 19
27, 25, 19
3, 25, 20
26, 25, 20
3, 25, 21
26, 25, 21
3, 25, 22
26, 25, 22
3, 25, 23
26, 25, 23
3, 25, 24
26, 25, 24
4, 25, 25
25, 25, 25
4, 25, 26
25, 25, 26
5, 25, 27
24, 25, 27
6, 25, 28
23, 25, 28
7, 25, 29
22, 25, 29
8, 25, 30
21, 25, 30
9, 25, 31
10, 25, 31
19, 25, 31
20, 25, 31
11, 25, 32
12, 25, 32
13, 25, 32
14, 25, 32
15, 25, 32
16, 25, 32
17, 25, 32
18, 25, 32
10, 25, 43
11, 25, 43
12, 25, 43
17, 25, 43
18, 25, 43
19, 25, 43
9, 25, 44
10, 25, 44
11, 25, 44
12, 25, 44
17, 25, 44
18, 25, 44
19, 25, 44
20, 25, 44
9, 25, 45
13, 25, 45
16, 25, 45
20, 25, 45
9, 25, 46
13, 25, 46
16, 25, 46
20, 25, 46
9, 25, 47
13, 25, 47
16, 25, 47
20, 25, 47
9, 25, 48
13, 25, 48
16, 25, 48
20, 25, 48
9, 25, 49
13, 25, 49
16, 25, 49
20, 25, 49
10, 25, 50
13, 25, 50
16, 25, 50
19, 25, 50
10, 25, 51
13, 25, 51
16, 25, 51
19, 25, 51
10, 25, 52
13, 25, 52
16, 25, 52
19, 25, 52
10, 25, 53
12, 25, 53
17, 25, 53
19, 25, 53
10, 25, 54
12, 25, 54
17, 25, 54
19, 25, 54
10, 25, 55
11, 25, 55
12, 25, 55
17, 25, 55
18, 25, 55
19, 25, 55
2, 26, 0
3, 26, 0
4, 26, 0
5, 26, 0
6, 26, 0
7, 26, 0
8, 26, 0
9, 26, 0
10, 26, 0
11, 26, 0
12, 26, 0
13, 26, 0
14, 26, 0
15, 26, 0
16, 26, 0
17, 26, 0
18, 26, 0
19, 26, 0
20, 26, 0
21, 26, 0
22, 26, 0
23, 26, 0
24, 26, 0
25, 26, 0
26, 26, 0
27, 26, 0
2, 26, 1
27, 26, 1
2, 26, 2
27, 26, 2
2, 26, 3
27, 26, 3
3, 26, 4
4, 26, 4
25, 26, 4
26, 26, 4
5, 26, 5
24, 26, 5
6, 26, 6
23, 26, 6
5, 26, 7
24, 26, 7
4, 26, 8
25, 26, 8
4, 26, 9
25, 26, 9
3, 26, 10
26, 26, 10
3, 26, 11
26, 26, 11
3, 26, 12
26, 26, 12
2, 26, 13
27, 26, 13
2, 26, 14
27, 26, 14
2, 26, 15
27, 26, 15
2, 26, 16
27, 26, 16
2, 26, 17
27, 26, 17
2, 26, 18
27, 26, 18
2, 26, 19
27, 26, 19
2, 26, 20
27, 26, 20
3, 26, 21
26, 26, 21
3, 26, 22
26, 26, 22
3, 26, 23
26, 26, 23
3, 26, 24
26, 26, 24
4, 26, 25
25, 26, 25
4, 26, 26
25, 26, 26
5, 26, 27
24, 26, 27
6, 26, 28
23, 26, 28
7, 26, 29
22, 26, 29
8, 26, 30
9, 26, 30
20, 26, 30
21, 26, 30
10, 26, 31
11, 26, 31
18, 26, 31
19, 26, 31
12, 26, 32
13, 26, 32
14, 26, 32
15, 26, 32
16, 26, 32
17, 26, 32
10, 26, 45
11, 26, 45
12, 26, 45
17, 26, 45
18, 26, 45
19, 26, 45
9, 26, 46
10, 26, 46
11, 26, 46
12, 26, 46
17, 26, 46
18, 26, 46
19, 26, 46
20, 26, 46
9, 26, 47
11, 26, 47
12, 26, 47
17, 26, 47
18, 26, 47
20, 26, 47
9, 26, 48
12, 26, 48
17, 26, 48
20, 26, 48
9, 26, 49
12, 26, 49
17, 26, 49
20, 26, 49
9, 26, 50
12, 26, 50
17, 26, 50
20, 26, 50
10, 26, 51
12, 26, 51
17, 26, 51
19, 26, 51
10, 26, 52
12, 26, 52
17, 26, 52
19, 26, 52
10, 26, 53
12, 26, 53
17, 26, 53
19, 26, 53
10, 26, 54
12, 26, 54
17, 26, 54
19, 26, 54
10, 26, 55
11, 26, 55
12, 26, 55
18, 26, 55
19, 26, 55
2, 27, 0
3, 27, 0
4, 27, 0
5, 27, 0
6, 27, 0
7, 27, 0
8, 27, 0
9, 27, 0
10, 27, 0
11, 27, 0
12, 27, 0
13, 27, 0
14, 27, 0
15, 27, 0
16, 27, 0
17, 27, 0
18, 27, 0
19, 27, 0
20, 27, 0
21, 27, 0
22, 27, 0
23, 27, 0
24, 27, 0
25, 27, 0
26, 27, 0
27, 27, 0
2, 27, 1
27, 27, 1
2, 27, 2
27, 27, 2
2, 27, 3
3, 27, 3
27, 27, 3
4, 27, 4
25, 27, 4
26, 27, 4
5, 27, 5
24, 27, 5
5, 27, 6
24, 27, 6
4, 27, 7
25, 27, 7
4, 27, 8
25, 27, 8
4, 27, 9
25, 27, 9
3, 27, 10
26, 27, 10
3, 27, 11
26, 27, 11
3, 27, 12
26, 27, 12
2, 27, 13
27, 27, 13
2, 27, 14
27, 27, 14
2, 27, 15
27, 27, 15
2, 27, 16
27, 27, 16
2, 27, 17
27, 27, 17
2, 27, 18
27, 27, 18
2, 27, 19
27, 27, 19
2, 27, 20
27, 27, 20
3, 27, 21
26, 27, 21
3, 27, 22
26, 27, 22
3, 27, 23
26, 27, 23
3, 27, 24
26, 27, 24
4, 27, 25
25, 27, 25
5, 27, 26
25, 27, 26
5, 27, 27
24, 27, 27
6, 27, 28
23, 27, 28
7, 27, 29
8, 27, 29
21, 27, 29
22, 27, 29
9, 27, 30
20, 27, 30
10, 27, 31
11, 27, 31
12, 27, 31
17, 27, 31
18, 27, 31
19, 27, 31
13, 27, 32
14, 27, 32
15, 27, 32
16, 27, 32
10, 27, 47
19, 27, 47
10, 27, 48
11, 27, 48
18, 27, 48
19, 27, 48
10, 27, 49
11, 27, 49
18, 27, 49
19, 27, 49
10, 27, 50
11, 27, 50
12, 27, 50
17, 27, 50
18, 27, 50
19, 27, 50
10, 27, 51
11, 27, 51
12, 27, 51
17, 27, 51
18, 27, 51
19, 27, 51
10, 27, 52
11, 27, 52
12, 27, 52
17, 27, 52
18, 27, 52
19, 27, 52
10, 27, 53
11, 27, 53
12, 27, 53
17, 27, 53
18, 27, 53
19, 27, 53
10, 27, 54
11, 27, 54
18, 27, 54
19, 27, 54
10, 27, 55
11, 27, 55
18, 27, 55
19, 27, 55
3, 28, 0
4, 28, 0
5, 28, 0
6, 28, 0
7, 28, 0
8, 28, 0
9, 28, 0
10, 28, 0
11, 28, 0
12, 28, 0
13, 28, 0
14, 28, 0
15, 28, 0
16, 28, 0
17, 28, 0
18, 28, 0
19, 28, 0
20, 28, 0
21, 28, 0
22, 28, 0
23, 28, 0
24, 28, 0
25, 28, 0
26, 28, 0
2, 28, 1
27, 28, 1
2, 28, 2
27, 28, 2
3, 28, 3
26, 28, 3
4, 28, 4
25, 28, 4
3, 28, 5
4, 28, 5
25, 28, 5
26, 28, 5
3, 28, 6
4, 28, 6
25, 28, 6
26, 28, 6
2, 28, 7
3, 28, 7
26, 28, 7
27, 28, 7
2, 28, 8
3, 28, 8
26, 28, 8
27, 28, 8
3, 28, 9
26, 28, 9
3, 28, 10
26, 28, 10
3, 28, 11
26, 28, 11
3, 28, 12
26, 28, 12
2, 28, 13
27, 28, 13
2, 28, 14
27, 28, 14
2, 28, 15
27, 28, 15
2, 28, 16
27, 28, 16
2, 28, 17
27, 28, 17
2, 28, 18
27, 28, 18
2, 28, 19
27, 28, 19
2, 28, 20
27, 28, 20
3, 28, 21
26, 28, 21
3, 28, 22
26, 28, 22
3, 28, 23
26, 28, 23
4, 28, 24
25, 28, 24
4, 28, 25
25, 28, 25
5, 28, 26
24, 28, 26
5, 28, 27
24, 28, 27
6, 28, 28
23, 28, 28
7, 28, 29
8, 28, 29
21, 28, 29
22, 28, 29
9, 28, 30
10, 28, 30
19, 28, 30
20, 28, 30
11, 28, 31
12, 28, 31
13, 28, 31
16, 28, 31
17, 28, 31
18, 28, 31
14, 28, 32
15, 28, 32
3, 29, 0
4, 29, 0
5, 29, 0
6, 29, 0
7, 29, 0
8, 29, 0
9, 29, 0
10, 29, 0
11, 29, 0
12, 29, 0
13, 29, 0
14, 29, 0
15, 29, 0
16, 29, 0
17, 29, 0
18, 29, 0
19, 29, 0
20, 29, 0
21, 29, 0
22, 29, 0
23, 29, 0
24, 29, 0
25, 29, 0
26, 29, 0
3, 29, 1
26, 29, 1
3, 29, 2
26, 29, 2
3, 29, 3
26, 29, 3
3, 29, 4
26, 29, 4
2, 29, 5
27, 29, 5
1, 29, 6
2, 29, 6
27, 29, 6
28, 29, 6
1, 29, 7
28, 29, 7
1, 29, 8
28, 29, 8
2, 29, 9
27, 29, 9
2, 29, 10
27, 29, 10
3, 29, 11
26, 29, 11
3, 29, 12
26, 29, 12
2, 29, 13
27, 29, 13
2, 29, 14
27, 29, 14
2, 29, 15
27, 29, 15
2, 29, 16
27, 29, 16
2, 29, 17
27, 29, 17
2, 29, 18
27, 29, 18
2, 29, 19
27, 29, 19
2, 29, 20
27, 29, 20
3, 29, 21
26, 29, 21
3, 29, 22
26, 29, 22
3, 29, 23
26, 29, 23
4, 29, 24
25, 29, 24
4, 29, 25
25, 29, 25
5, 29, 26
24, 29, 26
6, 29, 27
23, 29, 27
6, 29, 28
7, 29, 28
22, 29, 28
23, 29, 28
8, 29, 29
21, 29, 29
9, 29, 30
10, 29, 30
19, 29, 30
20, 29, 30
11, 29, 31
12, 29, 31
13, 29, 31
16, 29, 31
17, 29, 31
18, 29, 31
14, 29, 32
15, 29, 32
4, 30, 0
5, 30, 0
6, 30, 0
7, 30, 0
8, 30, 0
9, 30, 0
10, 30, 0
11, 30, 0
12, 30, 0
13, 30, 0
14, 30, 0
15, 30, 0
16, 30, 0
17, 30, 0
18, 30, 0
19, 30, 0
20, 30, 0
21, 30, 0
22, 30, 0
23, 30, 0
24, 30, 0
25, 30, 0
3, 30, 1
26, 30, 1
3, 30, 2
26, 30, 2
3, 30, 3
26, 30, 3
2, 30, 4
27, 30, 4
1, 30, 5
28, 30, 5
1, 30, 6
28, 30, 6
1, 30, 7
28, 30, 7
1, 30, 8
28, 30, 8
1, 30, 9
28, 30, 9
1, 30, 10
28, 30, 10
2, 30, 11
27, 30, 11
3, 30, 12
27, 30, 12
3, 30, 13
26, 30, 13
2, 30, 14
27, 30, 14
2, 30, 15
27, 30, 15
2, 30, 16
27, 30, 16
2, 30, 17
27, 30, 17
2, 30, 18
27, 30, 18
2, 30, 19
27, 30, 19
2, 30, 20
27, 30, 20
3, 30, 21
26, 30, 21
3, 30, 22
26, 30, 22
3, 30, 23
26, 30, 23
4, 30, 24
25, 30, 24
4, 30, 25
25, 30, 25
5, 30, 26
24, 30, 26
6, 30, 27
23, 30, 27
7, 30, 28
22, 30, 28
8, 30, 29
21, 30, 29
9, 30, 30
10, 30, 30
19, 30, 30
20, 30, 30
11, 30, 31
12, 30, 31
13, 30, 31
14, 30, 31
15, 30, 31
16, 30, 31
17, 30, 31
18, 30, 31
4, 31, 0
5, 31, 0
6, 31, 0
7, 31, 0
8, 31, 0
9, 31, 0
10, 31, 0
11, 31, 0
12, 31, 0
13, 31, 0
14, 31, 0
15, 31, 0
16, 31, 0
17, 31, 0
18, 31, 0
19, 31, 0
20, 31, 0
21, 31, 0
22, 31, 0
23, 31, 0
24, 31, 0
25, 31, 0
3, 31, 1
26, 31, 1
3, 31, 2
26, 31, 2
2, 31, 3
27, 31, 3
1, 31, 4
28, 31, 4
1, 31, 5
28, 31, 5
0, 31, 6
29, 31, 6
0, 31, 7
29, 31, 7
0, 31, 8
29, 31, 8
0, 31, 9
29, 31, 9
0, 31, 10
29, 31, 10
1, 31, 11
28, 31, 11
2, 31, 12
27, 31, 12
3, 31, 13
26, 31, 13
2, 31, 14
27, 31, 14
2, 31, 15
27, 31, 15
2, 31, 16
27, 31, 16
2, 31, 17
27, 31, 17
2, 31, 18
27, 31, 18
2, 31, 19
27, 31, 19
3, 31, 20
26, 31, 20
3, 31, 21
26, 31, 21
3, 31, 22
26, 31, 22
4, 31, 23
25, 31, 23
4, 31, 24
25, 31, 24
5, 31, 25
24, 31, 25
5, 31, 26
24, 31, 26
6, 31, 27
23, 31, 27
7, 31, 28
22, 31, 28
8, 31, 29
9, 31, 29
20, 31, 29
21, 31, 29
10, 31, 30
11, 31, 30
18, 31, 30
19, 31, 30
12, 31, 31
13, 31, 31
14, 31, 31
15, 31, 31
16, 31, 31
17, 31, 31
4, 32, 0
5, 32, 0
6, 32, 0
7, 32, 0
8, 32, 0
9, 32, 0
10, 32, 0
11, 32, 0
12, 32, 0
13, 32, 0
14, 32, 0
15, 32, 0
16, 32, 0
17, 32, 0
18, 32, 0
19, 32, 0
20, 32, 0
21, 32, 0
22, 32, 0
23, 32, 0
24, 32, 0
25, 32, 0
3, 32, 1
26, 32, 1
3, 32, 2
26, 32, 2
2, 32, 3
27, 32, 3
1, 32, 4
28, 32, 4
1, 32, 5
28, 32, 5
0, 32, 6
29, 32, 6
0, 32, 7
29, 32, 7
0, 32, 8
29, 32, 8
0, 32, 9
29, 32, 9
0, 32, 10
29, 32, 10
0, 32, 11
29, 32, 11
1, 32, 12
28, 32, 12
2, 32, 13
27, 32, 13
3, 32, 14
26, 32, 14
2, 32, 15
27, 32, 15
2, 32, 16
27, 32, 16
2, 32, 17
27, 32, 17
2, 32, 18
27, 32, 18
3, 32, 19
26, 32, 19
3, 32, 20
26, 32, 20
3, 32, 21
26, 32, 21
3, 32, 22
26, 32, 22
4, 32, 23
25, 32, 23
4, 32, 24
25, 32, 24
5, 32, 25
24, 32, 25
5, 32, 26
24, 32, 26
6, 32, 27
23, 32, 27
7, 32, 28
22, 32, 28
8, 32, 29
9, 32, 29
20, 32, 29
21, 32, 29
10, 32, 30
11, 32, 30
12, 32, 30
17, 32, 30
18, 32, 30
19, 32, 30
13, 32, 31
14, 32, 31
15, 32, 31
16, 32, 31
4, 33, 0
5, 33, 0
6, 33, 0
7, 33, 0
8, 33, 0
9, 33, 0
10, 33, 0
11, 33, 0
12, 33, 0
13, 33, 0
14, 33, 0
15, 33, 0
16, 33, 0
17, 33, 0
18, 33, 0
19, 33, 0
20, 33, 0
21, 33, 0
22, 33, 0
23, 33, 0
24, 33, 0
25, 33, 0
3, 33, 1
26, 33, 1
2, 33, 2
27, 33, 2
2, 33, 3
27, 33, 3
1, 33, 4
28, 33, 4
1, 33, 5
28, 33, 5
0, 33, 6
29, 33, 6
0, 33, 7
29, 33, 7
0, 33, 8
29, 33, 8
0, 33, 9
29, 33, 9
0, 33, 10
29, 33, 10
0, 33, 11
29, 33, 11
1, 33, 12
28, 33, 12
2, 33, 13
27, 33, 13
3, 33, 14
26, 33, 14
3, 33, 15
26, 33, 15
3, 33, 16
26, 33, 16
3, 33, 17
26, 33, 17
3, 33, 18
26, 33, 18
3, 33, 19
26, 33, 19
3, 33, 20
26, 33, 20
3, 33, 21
26, 33, 21
4, 33, 22
25, 33, 22
4, 33, 23
25, 33, 23
4, 33, 24
25, 33, 24
5, 33, 25
24, 33, 25
6, 33, 26
23, 33, 26
6, 33, 27
23, 33, 27
7, 33, 28
8, 33, 28
21, 33, 28
22, 33, 28
9, 33, 29
10, 33, 29
19, 33, 29
20, 33, 29
11, 33, 30
12, 33, 30
13, 33, 30
14, 33, 30
15, 33, 30
16, 33, 30
17, 33, 30
18, 33, 30
4, 34, 0
5, 34, 0
6, 34, 0
7, 34, 0
8, 34, 0
9, 34, 0
10, 34, 0
11, 34, 0
12, 34, 0
13, 34, 0
14, 34, 0
15, 34, 0
16, 34, 0
17, 34, 0
18, 34, 0
19, 34, 0
20, 34, 0
21, 34, 0
22, 34, 0
23, 34, 0
24, 34, 0
25, 34, 0
3, 34, 1
26, 34, 1
2, 34, 2
27, 34, 2
2, 34, 3
27, 34, 3
1, 34, 4
28, 34, 4
1, 34, 5
29, 34, 5
0, 34, 6
29, 34, 6
0, 34, 7
29, 34, 7
0, 34, 8
29, 34, 8
0, 34, 9
29, 34, 9
0, 34, 10
29, 34, 10
0, 34, 11
29, 34, 11
0, 34, 12
29, 34, 12
1, 34, 13
2, 34, 13
27, 34, 13
28, 34, 13
3, 34, 14
26, 34, 14
3, 34, 15
26, 34, 15
3, 34, 16
26, 34, 16
3, 34, 17
26, 34, 17
3, 34, 18
26, 34, 18
3, 34, 19
26, 34, 19
3, 34, 20
26, 34, 20
3, 34, 21
26, 34, 21
4, 34, 22
25, 34, 22
4, 34, 23
25, 34, 23
5, 34, 24
24, 34, 24
5, 34, 25
24, 34, 25
6, 34, 26
23, 34, 26
7, 34, 27
22, 34, 27
8, 34, 28
21, 34, 28
9, 34, 29
10, 34, 29
11, 34, 29
18, 34, 29
19, 34, 29
20, 34, 29
12, 34, 30
13, 34, 30
14, 34, 30
15, 34, 30
16, 34, 30
17, 34, 30
4, 35, 0
5, 35, 0
6, 35, 0
7, 35, 0
8, 35, 0
9, 35, 0
10, 35, 0
11, 35, 0
12, 35, 0
13, 35, 0
14, 35, 0
15, 35, 0
16, 35, 0
17, 35, 0
18, 35, 0
19, 35, 0
20, 35, 0
21, 35, 0
22, 35, 0
23, 35, 0
24, 35, 0
25, 35, 0
3, 35, 1
26, 35, 1
2, 35, 2
27, 35, 2
2, 35, 3
27, 35, 3
1, 35, 4
28, 35, 4
1, 35, 5
28, 35, 5
0, 35, 6
29, 35, 6
0, 35, 7
29, 35, 7
0, 35, 8
29, 35, 8
0, 35, 9
29, 35, 9
0, 35, 10
29, 35, 10
0, 35, 11
29, 35, 11
0, 35, 12
29, 35, 12
1, 35, 13
2, 35, 13
27, 35, 13
28, 35, 13
3, 35, 14
26, 35, 14
3, 35, 15
26, 35, 15
3, 35, 16
26, 35, 16
3, 35, 17
26, 35, 17
3, 35, 18
26, 35, 18
3, 35, 19
26, 35, 19
4, 35, 20
26, 35, 20
4, 35, 21
25, 35, 21
4, 35, 22
25, 35, 22
4, 35, 23
25, 35, 23
5, 35, 24
24, 35, 24
6, 35, 25
23, 35, 25
6, 35, 26
23, 35, 26
7, 35, 27
22, 35, 27
8, 35, 28
9, 35, 28
20, 35, 28
21, 35, 28
10, 35, 29
11, 35, 29
12, 35, 29
13, 35, 29
14, 35, 29
15, 35, 29
16, 35, 29
17, 35, 29
18, 35, 29
19, 35, 29
4, 36, 0
5, 36, 0
6, 36, 0
7, 36, 0
8, 36, 0
9, 36, 0
10, 36, 0
11, 36, 0
12, 36, 0
13, 36, 0
14, 36, 0
15, 36, 0
16, 36, 0
17, 36, 0
18, 36, 0
19, 36, 0
20, 36, 0
21, 36, 0
22, 36, 0
23, 36, 0
24, 36, 0
25, 36, 0
3, 36, 1
26, 36, 1
2, 36, 2
27, 36, 2
2, 36, 3
27, 36, 3
1, 36, 4
28, 36, 4
1, 36, 5
28, 36, 5
1, 36, 6
29, 36, 6
0, 36, 7
29, 36, 7
0, 36, 8
29, 36, 8
0, 36, 9
29, 36, 9
0, 36, 10
29, 36, 10
0, 36, 11
29, 36, 11
0, 36, 12
29, 36, 12
1, 36, 13
2, 36, 13
28, 36, 13
3, 36, 14
27, 36, 14
3, 36, 15
26, 36, 15
3, 36, 16
26, 36, 16
3, 36, 17
26, 36, 17
3, 36, 18
26, 36, 18
4, 36, 19
25, 36, 19
4, 36, 20
25, 36, 20
4, 36, 21
25, 36, 21
4, 36, 22
25, 36, 22
5, 36, 23
24, 36, 23
5, 36, 24
24, 36, 24
6, 36, 25
23, 36, 25
7, 36, 26
22, 36, 26
8, 36, 27
9, 36, 27
21, 36, 27
10, 36, 28
11, 36, 28
18, 36, 28
19, 36, 28
20, 36, 28
12, 36, 29
13, 36, 29
14, 36, 29
15, 36, 29
16, 36, 29
17, 36, 29
5, 37, 0
6, 37, 0
7, 37, 0
8, 37, 0
9, 37, 0
10, 37, 0
11, 37, 0
12, 37, 0
13, 37, 0
14, 37, 0
15, 37, 0
16, 37, 0
17, 37, 0
18, 37, 0
19, 37, 0
20, 37, 0
21, 37, 0
22, 37, 0
23, 37, 0
24, 37, 0
3, 37, 1
4, 37, 1
25, 37, 1
26, 37, 1
3, 37, 2
26, 37, 2
2, 37, 3
27, 37, 3
1, 37, 4
28, 37, 4
1, 37, 5
28, 37, 5
1, 37, 6
28, 37, 6
0, 37, 7
29, 37, 7
0, 37, 8
29, 37, 8
0, 37, 9
29, 37, 9
0, 37, 10
29, 37, 10
1, 37, 11
28, 37, 11
1, 37, 12
28, 37, 12
2, 37, 13
27, 37, 13
2, 37, 14
27, 37, 14
3, 37, 15
26, 37, 15
4, 37, 16
26, 37, 16
4, 37, 17
25, 37, 17
4, 37, 18
25, 37, 18
4, 37, 19
25, 37, 19
4, 37, 20
25, 37, 20
4, 37, 21
25, 37, 21
5, 37, 22
24, 37, 22
5, 37, 23
24, 37, 23
6, 37, 24
23, 37, 24
6, 37, 25
7, 37, 25
22, 37, 25
23, 37, 25
8, 37, 26
21, 37, 26
8, 37, 27
9, 37, 27
10, 37, 27
20, 37, 27
11, 37, 28
12, 37, 28
16, 37, 28
17, 37, 28
18, 37, 28
19, 37, 28
13, 37, 29
14, 37, 29
15, 37, 29
5, 38, 0
6, 38, 0
7, 38, 0
8, 38, 0
9, 38, 0
10, 38, 0
11, 38, 0
12, 38, 0
13, 38, 0
14, 38, 0
15, 38, 0
16, 38, 0
17, 38, 0
18, 38, 0
19, 38, 0
20, 38, 0
21, 38, 0
22, 38, 0
23, 38, 0
24, 38, 0
4, 38, 1
25, 38, 1
3, 38, 2
26, 38, 2
2, 38, 3
27, 38, 3
2, 38, 4
27, 38, 4
1, 38, 5
28, 38, 5
1, 38, 6
28, 38, 6
1, 38, 7
28, 38, 7
1, 38, 8
28, 38, 8
1, 38, 9
28, 38, 9
1, 38, 10
28, 38, 10
1, 38, 11
28, 38, 11
1, 38, 12
28, 38, 12
2, 38, 13
27, 38, 13
3, 38, 14
27, 38, 14
3, 38, 15
26, 38, 15
4, 38, 16
25, 38, 16
4, 38, 17
25, 38, 17
4, 38, 18
25, 38, 18
4, 38, 19
25, 38, 19
4, 38, 20
25, 38, 20
5, 38, 21
24, 38, 21
5, 38, 22
24, 38, 22
6, 38, 23
23, 38, 23
6, 38, 24
23, 38, 24
7, 38, 25
22, 38, 25
8, 38, 26
21, 38, 26
9, 38, 27
10, 38, 27
19, 38, 27
20, 38, 27
11, 38, 28
12, 38, 28
13, 38, 28
14, 38, 28
15, 38, 28
16, 38, 28
17, 38, 28
18, 38, 28
5, 39, 0
6, 39, 0
7, 39, 0
8, 39, 0
9, 39, 0
10, 39, 0
11, 39, 0
12, 39, 0
13, 39, 0
14, 39, 0
15, 39, 0
16, 39, 0
17, 39, 0
18, 39, 0
19, 39, 0
20, 39, 0
21, 39, 0
22, 39, 0
23, 39, 0
24, 39, 0
4, 39, 1
25, 39, 1
3, 39, 2
26, 39, 2
2, 39, 3
27, 39, 3
2, 39, 4
27, 39, 4
2, 39, 5
27, 39, 5
1, 39, 6
28, 39, 6
1, 39, 7
28, 39, 7
1, 39, 8
28, 39, 8
1, 39, 9
28, 39, 9
1, 39, 10
28, 39, 10
1, 39, 11
28, 39, 11
2, 39, 12
27, 39, 12
2, 39, 13
27, 39, 13
3, 39, 14
26, 39, 14
4, 39, 15
25, 39, 15
4, 39, 16
25, 39, 16
4, 39, 17
25, 39, 17
4, 39, 18
25, 39, 18
5, 39, 19
24, 39, 19
5, 39, 20
24, 39, 20
5, 39, 21
24, 39, 21
6, 39, 22
23, 39, 22
6, 39, 23
23, 39, 23
7, 39, 24
22, 39, 24
8, 39, 25
21, 39, 25
9, 39, 26
20, 39, 26
10, 39, 27
11, 39, 27
12, 39, 27
13, 39, 27
16, 39, 27
17, 39, 27
18, 39, 27
19, 39, 27
14, 39, 28
15, 39, 28
6, 40, 0
7, 40, 0
8, 40, 0
9, 40, 0
10, 40, 0
11, 40, 0
12, 40, 0
13, 40, 0
14, 40, 0
15, 40, 0
16, 40, 0
17, 40, 0
18, 40, 0
19, 40, 0
20, 40, 0
21, 40, 0
22, 40, 0
23, 40, 0
5, 40, 1
24, 40, 1
4, 40, 2
25, 40, 2
3, 40, 3
26, 40, 3
3, 40, 4
26, 40, 4
2, 40, 5
27, 40, 5
2, 40, 6
27, 40, 6
2, 40, 7
27, 40, 7
2, 40, 8
28, 40, 8
2, 40, 9
27, 40, 9
2, 40, 10
27, 40, 10
2, 40, 11
27, 40, 11
2, 40, 12
27, 40, 12
3, 40, 13
27, 40, 13
3, 40, 14
26, 40, 14
4, 40, 15
25, 40, 15
4, 40, 16
25, 40, 16
5, 40, 17
24, 40, 17
5, 40, 18
24, 40, 18
5, 40, 19
24, 40, 19
5, 40, 20
24, 40, 20
6, 40, 21
23, 40, 21
6, 40, 22
23, 40, 22
7, 40, 23
22, 40, 23
7, 40, 24
8, 40, 24
21, 40, 24
22, 40, 24
9, 40, 25
20, 40, 25
10, 40, 26
11, 40, 26
18, 40, 26
19, 40, 26
12, 40, 27
13, 40, 27
14, 40, 27
15, 40, 27
16, 40, 27
17, 40, 27
7, 41, 0
8, 41, 0
9, 41, 0
10, 41, 0
11, 41, 0
12, 41, 0
13, 41, 0
14, 41, 0
15, 41, 0
16, 41, 0
17, 41, 0
18, 41, 0
19, 41, 0
20, 41, 0
21, 41, 0
22, 41, 0
5, 41, 1
6, 41, 1
23, 41, 1
24, 41, 1
5, 41, 2
24, 41, 2
4, 41, 3
25, 41, 3
3, 41, 4
26, 41, 4
3, 41, 5
26, 41, 5
2, 41, 6
27, 41, 6
2, 41, 7
27, 41, 7
2, 41, 8
27, 41, 8
2, 41, 9
27, 41, 9
2, 41, 10
27, 41, 10
2, 41, 11
27, 41, 11
3, 41, 12
26, 41, 12
3, 41, 13
26, 41, 13
4, 41, 14
25, 41, 14
4, 41, 15
25, 41, 15
5, 41, 16
24, 41, 16
5, 41, 17
24, 41, 17
5, 41, 18
24, 41, 18
6, 41, 19
23, 41, 19
6, 41, 20
23, 41, 20
6, 41, 21
23, 41, 21
7, 41, 22
22, 41, 22
8, 41, 23
22, 41, 23
8, 41, 24
21, 41, 24
9, 41, 25
10, 41, 25
19, 41, 25
20, 41, 25
11, 41, 26
12, 41, 26
13, 41, 26
14, 41, 26
15, 41, 26
16, 41, 26
17, 41, 26
18, 41, 26
8, 42, 0
9, 42, 0
10, 42, 0
11, 42, 0
12, 42, 0
13, 42, 0
14, 42, 0
15, 42, 0
16, 42, 0
17, 42, 0
18, 42, 0
19, 42, 0
20, 42, 0
21, 42, 0
6, 42, 1
7, 42, 1
22, 42, 1
23, 42, 1
6, 42, 2
23, 42, 2
4, 42, 3
5, 42, 3
24, 42, 3
25, 42, 3
4, 42, 4
25, 42, 4
3, 42, 5
26, 42, 5
3, 42, 6
26, 42, 6
3, 42, 7
26, 42, 7
3, 42, 8
26, 42, 8
3, 42, 9
26, 42, 9
3, 42, 10
26, 42, 10
3, 42, 11
26, 42, 11
3, 42, 12
26, 42, 12
4, 42, 13
25, 42, 13
4, 42, 14
25, 42, 14
5, 42, 15
24, 42, 15
5, 42, 16
24, 42, 16
6, 42, 17
23, 42, 17
6, 42, 18
23, 42, 18
6, 42, 19
23, 42, 19
7, 42, 20
22, 42, 20
7, 42, 21
22, 42, 21
8, 42, 22
21, 42, 22
8, 42, 23
21, 42, 23
9, 42, 24
10, 42, 24
19, 42, 24
20, 42, 24
11, 42, 25
12, 42, 25
13, 42, 25
14, 42, 25
16, 42, 25
17, 42, 25
18, 42, 25
15, 42, 26
11, 43, 0
12, 43, 0
13, 43, 0
14, 43, 0
15, 43, 0
16, 43, 0
17, 43, 0
18, 43, 0
8, 43, 1
9, 43, 1
10, 43, 1
19, 43, 1
20, 43, 1
21, 43, 1
6, 43, 2
7, 43, 2
22, 43, 2
23, 43, 2
5, 43, 3
6, 43, 3
23, 43, 3
24, 43, 3
5, 43, 4
24, 43, 4
4, 43, 5
25, 43, 5
4, 43, 6
25, 43, 6
4, 43, 7
25, 43, 7
4, 43, 8
26, 43, 8
4, 43, 9
25, 43, 9
4, 43, 10
25, 43, 10
4, 43, 11
25, 43, 11
4, 43, 12
25, 43, 12
5, 43, 13
24, 43, 13
5, 43, 14
24, 43, 14
6, 43, 15
23, 43, 15
6, 43, 16
23, 43, 16
6, 43, 17
23, 43, 17
7, 43, 18
22, 43, 18
7, 43, 19
22, 43, 19
7, 43, 20
22, 43, 20
8, 43, 21
21, 43, 21
9, 43, 22
20, 43, 22
21, 43, 22
9, 43, 23
10, 43, 23
19, 43, 23
20, 43, 23
11, 43, 24
12, 43, 24
13, 43, 24
14, 43, 24
16, 43, 24
17, 43, 24
18, 43, 24
14, 43, 25
15, 43, 25
13, 44, 0
14, 44, 0
15, 44, 0
16, 44, 0
9, 44, 1
10, 44, 1
11, 44, 1
12, 44, 1
17, 44, 1
18, 44, 1
19, 44, 1
20, 44, 1
8, 44, 2
21, 44, 2
7, 44, 3
22, 44, 3
6, 44, 4
23, 44, 4
5, 44, 5
24, 44, 5
5, 44, 6
24, 44, 6
5, 44, 7
24, 44, 7
4, 44, 8
5, 44, 8
25, 44, 8
5, 44, 9
24, 44, 9
5, 44, 10
24, 44, 10
5, 44, 11
24, 44, 11
5, 44, 12
24, 44, 12
6, 44, 13
23, 44, 13
24, 44, 13
6, 44, 14
23, 44, 14
7, 44, 15
23, 44, 15
7, 44, 16
22, 44, 16
7, 44, 17
22, 44, 17
7, 44, 18
8, 44, 18
21, 44, 18
22, 44, 18
8, 44, 19
21, 44, 19
8, 44, 20
9, 44, 20
20, 44, 20
21, 44, 20
9, 44, 21
10, 44, 21
19, 44, 21
20, 44, 21
10, 44, 22
11, 44, 22
18, 44, 22
19, 44, 22
11, 44, 23
12, 44, 23
13, 44, 23
14, 44, 23
15, 44, 23
16, 44, 23
17, 44, 23
18, 44, 23
15, 44, 24
14, 45, 0
15, 45, 0
10, 45, 1
11, 45, 1
12, 45, 1
13, 45, 1
16, 45, 1
17, 45, 1
18, 45, 1
19, 45, 1
9, 45, 2
20, 45, 2
8, 45, 3
21, 45, 3
7, 45, 4
8, 45, 4
21, 45, 4
22, 45, 4
6, 45, 5
7, 45, 5
22, 45, 5
23, 45, 5
6, 45, 6
23, 45, 6
6, 45, 7
23, 45, 7
6, 45, 8
23, 45, 8
24, 45, 8
6, 45, 9
23, 45, 9
24, 45, 9
6, 45, 10
23, 45, 10
6, 45, 11
23, 45, 11
6, 45, 12
7, 45, 12
22, 45, 12
23, 45, 12
7, 45, 13
22, 45, 13
7, 45, 14
22, 45, 14
7, 45, 15
8, 45, 15
21, 45, 15
22, 45, 15
8, 45, 16
21, 45, 16
8, 45, 17
9, 45, 17
20, 45, 17
21, 45, 17
9, 45, 18
10, 45, 18
19, 45, 18
20, 45, 18
9, 45, 19
10, 45, 19
11, 45, 19
18, 45, 19
19, 45, 19
20, 45, 19
10, 45, 20
11, 45, 20
12, 45, 20
13, 45, 20
14, 45, 20
15, 45, 20
16, 45, 20
17, 45, 20
18, 45, 20
19, 45, 20
11, 45, 21
12, 45, 21
13, 45, 21
14, 45, 21
15, 45, 21
16, 45, 21
17, 45, 21
18, 45, 21
12, 45, 22
13, 45, 22
14, 45, 22
15, 45, 22
16, 45, 22
17, 45, 22
11, 46, 1
12, 46, 1
13, 46, 1
14, 46, 1
15, 46, 1
16, 46, 1
17, 46, 1
18, 46, 1
10, 46, 2
19, 46, 2
9, 46, 3
20, 46, 3
9, 46, 4
20, 46, 4
8, 46, 5
21, 46, 5
7, 46, 6
8, 46, 6
21, 46, 6
22, 46, 6
7, 46, 7
8, 46, 7
21, 46, 7
22, 46, 7
7, 46, 8
22, 46, 8
7, 46, 9
22, 46, 9
7, 46, 10
8, 46, 10
21, 46, 10
22, 46, 10
7, 46, 11
8, 46, 11
21, 46, 11
22, 46, 11
8, 46, 12
9, 46, 12
20, 46, 12
21, 46, 12
8, 46, 13
9, 46, 13
20, 46, 13
21, 46, 13
8, 46, 14
9, 46, 14
10, 46, 14
19, 46, 14
20, 46, 14
21, 46, 14
9, 46, 15
10, 46, 15
11, 46, 15
18, 46, 15
19, 46, 15
20, 46, 15
9, 46, 16
10, 46, 16
11, 46, 16
12, 46, 16
13, 46, 16
16, 46, 16
17, 46, 16
18, 46, 16
19, 46, 16
20, 46, 16
10, 46, 17
11, 46, 17
12, 46, 17
13, 46, 17
14, 46, 17
15, 46, 17
16, 46, 17
17, 46, 17
18, 46, 17
19, 46, 17
11, 46, 18
12, 46, 18
13, 46, 18
14, 46, 18
15, 46, 18
16, 46, 18
17, 46, 18
18, 46, 18
12, 46, 19
13, 46, 19
14, 46, 19
15, 46, 19
16, 46, 19
17, 46, 19
12, 47, 1
13, 47, 1
14, 47, 1
15, 47, 1
16, 47, 1
17, 47, 1
11, 47, 2
18, 47, 2
10, 47, 3
19, 47, 3
10, 47, 4
19, 47, 4
9, 47, 5
20, 47, 5
9, 47, 6
20, 47, 6
9, 47, 7
20, 47, 7
8, 47, 8
9, 47, 8
10, 47, 8
19, 47, 8
20, 47, 8
21, 47, 8
8, 47, 9
9, 47, 9
10, 47, 9
19, 47, 9
20, 47, 9
21, 47, 9
9, 47, 10
10, 47, 10
11, 47, 10
18, 47, 10
19, 47, 10
20, 47, 10
9, 47, 11
10, 47, 11
11, 47, 11
12, 47, 11
13, 47, 11
16, 47, 11
17, 47, 11
18, 47, 11
19, 47, 11
20, 47, 11
10, 47, 12
11, 47, 12
12, 47, 12
13, 47, 12
14, 47, 12
15, 47, 12
16, 47, 12
17, 47, 12
18, 47, 12
19, 47, 12
10, 47, 13
11, 47, 13
12, 47, 13
13, 47, 13
14, 47, 13
15, 47, 13
16, 47, 13
17, 47, 13
18, 47, 13
19, 47, 13
11, 47, 14
12, 47, 14
13, 47, 14
14, 47, 14
15, 47, 14
16, 47, 14
17, 47, 14
18, 47, 14
12, 47, 15
13, 47, 15
14, 47, 15
15, 47, 15
16, 47, 15
17, 47, 15
14, 47, 16
15, 47, 16
13, 48, 1
14, 48, 1
15, 48, 1
16, 48, 1
11, 48, 2
12, 48, 2
17, 48, 2
18, 48, 2
11, 48, 3
19, 48, 3
10, 48, 4
19, 48, 4
10, 48, 5
19, 48, 5
10, 48, 6
19, 48, 6
10, 48, 7
19, 48, 7
11, 48, 8
18, 48, 8
11, 48, 9
12, 48, 9
17, 48, 9
18, 48, 9
12, 48, 10
13, 48, 10
14, 48, 10
15, 48, 10
16, 48, 10
17, 48, 10
14, 48, 11
15, 48, 11
13, 49, 2
14, 49, 2
15, 49, 2
16, 49, 2
11, 49, 3
12, 49, 3
13, 49, 3
16, 49, 3
17, 49, 3
18, 49, 3
11, 49, 4
12, 49, 4
17, 49, 4
18, 49, 4
11, 49, 5
18, 49, 5
11, 49, 6
18, 49, 6
11, 49, 7
12, 49, 7
17, 49, 7
18, 49, 7
12, 49, 8
13, 49, 8
14, 49, 8
16, 49, 8
17, 49, 8
13, 49, 9
14, 49, 9
15, 49, 9
16, 49, 9
14, 50, 3
15, 50, 3
13, 50, 4
14, 50, 4
15, 50, 4
16, 50, 4
12, 50, 5
13, 50, 5
14, 50, 5
15, 50, 5
16, 50, 5
17, 50, 5
12, 50, 6
13, 50, 6
14, 50, 6
15, 50, 6
16, 50, 6
17, 50, 6
13, 50, 7
14, 50, 7
15, 50, 7
16, 50, 7
15, 50, 8