26, 0, 9
27, 0, 9
28, 0, 9
29, 0, 9
30, 0, 9
31, 0, 9
32, 0, 9
24, 0, 10
25, 0, 10
26, 0, 10
27, 0, 10
28, 0, 10
29, 0, 10
30, 0, 10
31, 0, 10
32, 0, 10
33, 0, 10
23, 0, 11
24, 0, 11
25, 0, 11
26, 0, 11
27, 0, 11
28, 0, 11
29, 0, 11
30, 0, 11
31, 0, 11
32, 0, 11
33, 0, 11
22, 0, 12
23, 0, 12
24, 0, 12
25, 0, 12
26, 0, 12
27, 0, 12
28, 0, 12
29, 0, 12
30, 0, 12
31, 0, 12
32, 0, 12
33, 0, 12
22, 0, 13
23, 0, 13
24, 0, 13
25, 0, 13
26, 0, 13
27, 0, 13
28, 0, 13
29, 0, 13
30, 0, 13
31, 0, 13
32, 0, 13
33, 0, 13
22, 0, 14
23, 0, 14
24, 0, 14
25, 0, 14
26, 0, 14
27, 0, 14
28, 0, 14
29, 0, 14
30, 0, 14
31, 0, 14
32, 0, 14
33, 0, 14
22, 0, 15
23, 0, 15
24, 0, 15
25, 0, 15
26, 0, 15
27, 0, 15
28, 0, 15
29, 0, 15
30, 0, 15
31, 0, 15
32, 0, 15
33, 0, 15
22, 0, 16
23, 0, 16
24, 0, 16
25, 0, 16
26, 0, 16
27, 0, 16
28, 0, 16
29, 0, 16
30, 0, 16
31, 0, 16
32, 0, 16
33, 0, 16
24, 0, 17
25, 0, 17
26, 0, 17
27, 0, 17
28, 0, 17
29, 0, 17
30, 0, 17
31, 0, 17
32, 0, 17
26, 0, 18
27, 0, 18
28, 0, 18
29, 0, 18
30, 0, 18
31, 0, 18
32, 0, 18
28, 1, 8
29, 1, 8
30, 1, 8
31, 1, 8
32, 1, 8
33, 1, 8
24, 1, 9
25, 1, 9
26, 1, 9
27, 1, 9
33, 1, 9
34, 1, 9
35, 1, 9
23, 1, 10
34, 1, 10
35, 1, 10
22, 1, 11
34, 1, 11
35, 1, 11
21, 1, 12
34, 1, 12
35, 1, 12
21, 1, 13
34, 1, 13
35, 1, 13
21, 1, 14
34, 1, 14
21, 1, 15
34, 1, 15
21, 1, 16
34, 1, 16
21, 1, 17
22, 1, 17
23, 1, 17
33, 1, 17
22, 1, 18
23, 1, 18
24, 1, 18
25, 1, 18
33, 1, 18
22, 1, 19
23, 1, 19
24, 1, 19
25, 1, 19
26, 1, 19
27, 1, 19
28, 1, 19
29, 1, 19
30, 1, 19
31, 1, 19
32, 1, 19
33, 1, 19
24, 1, 20
25, 1, 20
26, 1, 20
27, 1, 20
28, 1, 20
29, 1, 20
30, 1, 20
31, 1, 20
32, 1, 20
33, 1, 20
26, 2, 7
27, 2, 7
28, 2, 7
29, 2, 7
30, 2, 7
31, 2, 7
24, 2, 8
25, 2, 8
26, 2, 8
27, 2, 8
32, 2, 8
33, 2, 8
34, 2, 8
35, 2, 8
22, 2, 9
23, 2, 9
36, 2, 9
37, 2, 9
38, 2, 9
21, 2, 10
22, 2, 10
36, 2, 10
37, 2, 10
38, 2, 10
39, 2, 10
21, 2, 11
36, 2, 11
37, 2, 11
38, 2, 11
39, 2, 11
20, 2, 12
36, 2, 12
37, 2, 12
38, 2, 12
39, 2, 12
20, 2, 13
36, 2, 13
37, 2, 13
38, 2, 13
20, 2, 14
35, 2, 14
36, 2, 14
37, 2, 14
38, 2, 14
20, 2, 15
35, 2, 15
36, 2, 15
37, 2, 15
38, 2, 15
20, 2, 16
35, 2, 16
36, 2, 16
37, 2, 16
20, 2, 17
34, 2, 17
35, 2, 17
36, 2, 17
37, 2, 17
21, 2, 18
34, 2, 18
35, 2, 18
22, 2, 19
34, 2, 19
22, 2, 20
23, 2, 20
34, 2, 20
24, 2, 21
25, 2, 21
26, 2, 21
27, 2, 21
28, 2, 21
29, 2, 21
30, 2, 21
31, 2, 21
32, 2, 21
33, 2, 21
28, 2, 22
29, 2, 22
30, 2, 22
31, 2, 22
29, 3, 5
30, 3, 5
23, 3, 6
24, 3, 6
25, 3, 6
26, 3, 6
27, 3, 6
28, 3, 6
29, 3, 6
30, 3, 6
31, 3, 6
32, 3, 6
33, 3, 6
34, 3, 6
35, 3, 6
22, 3, 7
23, 3, 7
24, 3, 7
25, 3, 7
32, 3, 7
33, 3, 7
34, 3, 7
35, 3, 7
36, 3, 7
20, 3, 8
21, 3, 8
22, 3, 8
23, 3, 8
36, 3, 8
37, 3, 8
38, 3, 8
19, 3, 9
20, 3, 9
21, 3, 9
39, 3, 9
19, 3, 10
20, 3, 10
40, 3, 10
18, 3, 11
19, 3, 11
20, 3, 11
40, 3, 11
41, 3, 11
18, 3, 12
19, 3, 12
40, 3, 12
41, 3, 12
18, 3, 13
19, 3, 13
39, 3, 13
40, 3, 13
18, 3, 14
19, 3, 14
39, 3, 14
40, 3, 14
18, 3, 15
19, 3, 15
39, 3, 15
40, 3, 15
41, 3, 15
18, 3, 16
19, 3, 16
38, 3, 16
39, 3, 16
40, 3, 16
41, 3, 16
18, 3, 17
19, 3, 17
38, 3, 17
39, 3, 17
40, 3, 17
19, 3, 18
20, 3, 18
36, 3, 18
37, 3, 18
38, 3, 18
39, 3, 18
20, 3, 19
21, 3, 19
35, 3, 19
36, 3, 19
37, 3, 19
38, 3, 19
22, 3, 20
35, 3, 20
36, 3, 20
37, 3, 20
23, 3, 21
24, 3, 21
34, 3, 21
35, 3, 21
25, 3, 22
26, 3, 22
27, 3, 22
28, 3, 22
29, 3, 22
30, 3, 22
31, 3, 22
32, 3, 22
33, 3, 22
27, 4, 4
28, 4, 4
29, 4, 4
30, 4, 4
31, 4, 4
32, 4, 4
33, 4, 4
22, 4, 5
23, 4, 5
24, 4, 5
25, 4, 5
26, 4, 5
27, 4, 5
28, 4, 5
31, 4, 5
32, 4, 5
33, 4, 5
34, 4, 5
35, 4, 5
36, 4, 5
20, 4, 6
21, 4, 6
22, 4, 6
36, 4, 6
37, 4, 6
38, 4, 6
19, 4, 7
20, 4, 7
21, 4, 7
37, 4, 7
38, 4, 7
39, 4, 7
18, 4, 8
19, 4, 8
39, 4, 8
40, 4, 8
17, 4, 9
18, 4, 9
40, 4, 9
41, 4, 9
17, 4, 10
18, 4, 10
41, 4, 10
42, 4, 10
16, 4, 11
17, 4, 11
42, 4, 11
16, 4, 12
17, 4, 12
42, 4, 12
16, 4, 13
17, 4, 13
41, 4, 13
42, 4, 13
16, 4, 14
17, 4, 14
41, 4, 14
42, 4, 14
16, 4, 15
17, 4, 15
42, 4, 15
16, 4, 16
17, 4, 16
42, 4, 16
17, 4, 17
41, 4, 17
42, 4, 17
17, 4, 18
18, 4, 18
40, 4, 18
41, 4, 18
18, 4, 19
19, 4, 19
39, 4, 19
40, 4, 19
41, 4, 19
20, 4, 20
21, 4, 20
38, 4, 20
39, 4, 20
40, 4, 20
22, 4, 21
23, 4, 21
24, 4, 21
36, 4, 21
37, 4, 21
38, 4, 21
25, 4, 22
26, 4, 22
27, 4, 22
28, 4, 22
29, 4, 22
30, 4, 22
31, 4, 22
32, 4, 22
33, 4, 22
34, 4, 22
35, 4, 22
36, 4, 22
27, 5, 3
28, 5, 3
29, 5, 3
30, 5, 3
31, 5, 3
32, 5, 3
33, 5, 3
21, 5, 4
22, 5, 4
23, 5, 4
24, 5, 4
25, 5, 4
26, 5, 4
34, 5, 4
35, 5, 4
36, 5, 4
37, 5, 4
19, 5, 5
20, 5, 5
21, 5, 5
37, 5, 5
38, 5, 5
39, 5, 5
18, 5, 6
19, 5, 6
39, 5, 6
40, 5, 6
17, 5, 7
18, 5, 7
40, 5, 7
41, 5, 7
42, 5, 7
16, 5, 8
17, 5, 8
41, 5, 8
42, 5, 8
43, 5, 8
16, 5, 9
42, 5, 9
43, 5, 9
15, 5, 10
16, 5, 10
43, 5, 10
44, 5, 10
15, 5, 11
43, 5, 11
44, 5, 11
15, 5, 12
43, 5, 12
44, 5, 12
14, 5, 13
15, 5, 13
43, 5, 13
44, 5, 13
14, 5, 14
15, 5, 14
43, 5, 14
44, 5, 14
15, 5, 15
43, 5, 15
44, 5, 15
15, 5, 16
43, 5, 16
44, 5, 16
15, 5, 17
16, 5, 17
43, 5, 17
16, 5, 18
42, 5, 18
43, 5, 18
17, 5, 19
42, 5, 19
18, 5, 20
19, 5, 20
41, 5, 20
19, 5, 21
20, 5, 21
21, 5, 21
39, 5, 21
40, 5, 21
41, 5, 21
22, 5, 22
23, 5, 22
24, 5, 22
25, 5, 22
26, 5, 22
32, 5, 22
33, 5, 22
34, 5, 22
35, 5, 22
36, 5, 22
37, 5, 22
38, 5, 22
39, 5, 22
27, 5, 23
28, 5, 23
29, 5, 23
30, 5, 23
31, 5, 23
17, 5, 32
18, 5, 32
19, 5, 32
16, 5, 33
17, 5, 33
18, 5, 33
19, 5, 33
20, 5, 33
15, 5, 34
16, 5, 34
17, 5, 34
18, 5, 34
19, 5, 34
20, 5, 34
15, 5, 35
16, 5, 35
17, 5, 35
18, 5, 35
19, 5, 35
20, 5, 35
16, 5, 36
17, 5, 36
18, 5, 36
19, 5, 36
22, 6, 3
23, 6, 3
24, 6, 3
25, 6, 3
26, 6, 3
27, 6, 3
28, 6, 3
29, 6, 3
30, 6, 3
31, 6, 3
32, 6, 3
33, 6, 3
34, 6, 3
35, 6, 3
36, 6, 3
19, 6, 4
20, 6, 4
21, 6, 4
37, 6, 4
38, 6, 4
39, 6, 4
17, 6, 5
18, 6, 5
40, 6, 5
41, 6, 5
16, 6, 6
17, 6, 6
41, 6, 6
42, 6, 6
15, 6, 7
16, 6, 7
43, 6, 7
15, 6, 8
44, 6, 8
14, 6, 9
15, 6, 9
44, 6, 9
14, 6, 10
45, 6, 10
14, 6, 11
45, 6, 11
46, 6, 11
13, 6, 12
14, 6, 12
45, 6, 12
46, 6, 12
13, 6, 13
45, 6, 13
46, 6, 13
13, 6, 14
45, 6, 14
46, 6, 14
13, 6, 15
14, 6, 15
45, 6, 15
46, 6, 15
14, 6, 16
45, 6, 16
46, 6, 16
14, 6, 17
44, 6, 17
45, 6, 17
46, 6, 17
14, 6, 18
15, 6, 18
44, 6, 18
45, 6, 18
15, 6, 19
16, 6, 19
43, 6, 19
44, 6, 19
16, 6, 20
17, 6, 20
42, 6, 20
43, 6, 20
18, 6, 21
42, 6, 21
19, 6, 22
20, 6, 22
21, 6, 22
22, 6, 22
39, 6, 22
40, 6, 22
41, 6, 22
23, 6, 23
24, 6, 23
25, 6, 23
26, 6, 23
27, 6, 23
28, 6, 23
29, 6, 23
30, 6, 23
31, 6, 23
32, 6, 23
33, 6, 23
34, 6, 23
35, 6, 23
36, 6, 23
37, 6, 23
38, 6, 23
17, 6, 29
18, 6, 29
19, 6, 29
20, 6, 29
15, 6, 30
16, 6, 30
17, 6, 30
18, 6, 30
19, 6, 30
20, 6, 30
21, 6, 30
14, 6, 31
15, 6, 31
16, 6, 31
17, 6, 31
18, 6, 31
19, 6, 31
20, 6, 31
21, 6, 31
22, 6, 31
13, 6, 32
14, 6, 32
15, 6, 32
16, 6, 32
20, 6, 32
21, 6, 32
22, 6, 32
23, 6, 32
13, 6, 33
14, 6, 33
15, 6, 33
21, 6, 33
22, 6, 33
23, 6, 33
13, 6, 34
14, 6, 34
21, 6, 34
22, 6, 34
23, 6, 34
13, 6, 35
14, 6, 35
21, 6, 35
22, 6, 35
23, 6, 35
13, 6, 36
14, 6, 36
15, 6, 36
20, 6, 36
21, 6, 36
22, 6, 36
23, 6, 36
13, 6, 37
14, 6, 37
15, 6, 37
16, 6, 37
17, 6, 37
18, 6, 37
19, 6, 37
20, 6, 37
21, 6, 37
22, 6, 37
23, 6, 37
14, 6, 38
15, 6, 38
16, 6, 38
17, 6, 38
18, 6, 38
19, 6, 38
20, 6, 38
21, 6, 38
22, 6, 38
16, 6, 39
17, 6, 39
18, 6, 39
19, 6, 39
20, 6, 39
22, 7, 2
23, 7, 2
24, 7, 2
25, 7, 2
26, 7, 2
27, 7, 2
28, 7, 2
29, 7, 2
30, 7, 2
31, 7, 2
32, 7, 2
33, 7, 2
34, 7, 2
35, 7, 2
36, 7, 2
19, 7, 3
20, 7, 3
21, 7, 3
37, 7, 3
38, 7, 3
39, 7, 3
17, 7, 4
18, 7, 4
40, 7, 4
16, 7, 5
41, 7, 5
42, 7, 5
15, 7, 6
43, 7, 6
14, 7, 7
44, 7, 7
13, 7, 8
14, 7, 8
45, 7, 8
13, 7, 9
45, 7, 9
46, 7, 9
13, 7, 10
46, 7, 10
47, 7, 10
12, 7, 11
13, 7, 11
47, 7, 11
12, 7, 12
47, 7, 12
48, 7, 12
12, 7, 13
47, 7, 13
48, 7, 13
12, 7, 14
47, 7, 14
48, 7, 14
12, 7, 15
47, 7, 15
48, 7, 15
12, 7, 16
13, 7, 16
47, 7, 16
48, 7, 16
13, 7, 17
47, 7, 17
48, 7, 17
13, 7, 18
46, 7, 18
47, 7, 18
14, 7, 19
45, 7, 19
46, 7, 19
15, 7, 20
44, 7, 20
45, 7, 20
16, 7, 21
17, 7, 21
43, 7, 21
44, 7, 21
18, 7, 22
19, 7, 22
41, 7, 22
42, 7, 22
20, 7, 23
21, 7, 23
22, 7, 23
37, 7, 23
38, 7, 23
39, 7, 23
40, 7, 23
23, 7, 24
24, 7, 24
25, 7, 24
26, 7, 24
27, 7, 24
28, 7, 24
29, 7, 24
30, 7, 24
31, 7, 24
32, 7, 24
33, 7, 24
34, 7, 24
35, 7, 24
36, 7, 24
15, 7, 28
16, 7, 28
17, 7, 28
18, 7, 28
19, 7, 28
20, 7, 28
21, 7, 28
14, 7, 29
15, 7, 29
16, 7, 29
21, 7, 29
22, 7, 29
23, 7, 29
13, 7, 30
14, 7, 30
22, 7, 30
23, 7, 30
24, 7, 30
12, 7, 31
13, 7, 31
23, 7, 31
24, 7, 31
11, 7, 32
12, 7, 32
24, 7, 32
25, 7, 32
11, 7, 33
12, 7, 33
24, 7, 33
25, 7, 33
11, 7, 34
12, 7, 34
24, 7, 34
25, 7, 34
11, 7, 35
12, 7, 35
24, 7, 35
25, 7, 35
12, 7, 36
24, 7, 36
25, 7, 36
12, 7, 37
24, 7, 37
12, 7, 38
13, 7, 38
23, 7, 38
24, 7, 38
13, 7, 39
14, 7, 39
15, 7, 39
21, 7, 39
22, 7, 39
23, 7, 39
14, 7, 40
15, 7, 40
16, 7, 40
17, 7, 40
18, 7, 40
19, 7, 40
20, 7, 40
21, 7, 40
22, 7, 40
17, 7, 41
18, 7, 41
19, 7, 41
24, 8, 1
25, 8, 1
26, 8, 1
27, 8, 1
28, 8, 1
29, 8, 1
30, 8, 1
31, 8, 1
32, 8, 1
33, 8, 1
34, 8, 1
19, 8, 2
20, 8, 2
21, 8, 2
22, 8, 2
23, 8, 2
35, 8, 2
36, 8, 2
37, 8, 2
38, 8, 2
17, 8, 3
18, 8, 3
39, 8, 3
40, 8, 3
15, 8, 4
16, 8, 4
41, 8, 4
42, 8, 4
14, 8, 5
15, 8, 5
43, 8, 5
13, 8, 6
14, 8, 6
44, 8, 6
13, 8, 7
45, 8, 7
46, 8, 7
12, 8, 8
46, 8, 8
12, 8, 9
47, 8, 9
12, 8, 10
48, 8, 10
11, 8, 11
48, 8, 11
11, 8, 12
49, 8, 12
11, 8, 13
49, 8, 13
11, 8, 14
49, 8, 14
11, 8, 15
49, 8, 15
11, 8, 16
49, 8, 16
12, 8, 17
49, 8, 17
12, 8, 18
48, 8, 18
49, 8, 18
13, 8, 19
47, 8, 19
48, 8, 19
14, 8, 20
46, 8, 20
47, 8, 20
48, 8, 20
15, 8, 21
45, 8, 21
46, 8, 21
16, 8, 22
17, 8, 22
43, 8, 22
44, 8, 22
18, 8, 23
19, 8, 23
40, 8, 23
41, 8, 23
42, 8, 23
20, 8, 24
21, 8, 24
22, 8, 24
23, 8, 24
24, 8, 24
25, 8, 24
36, 8, 24
37, 8, 24
38, 8, 24
39, 8, 24
26, 8, 25
27, 8, 25
28, 8, 25
29, 8, 25
30, 8, 25
31, 8, 25
32, 8, 25
33, 8, 25
34, 8, 25
35, 8, 25
17, 8, 26
18, 8, 26
19, 8, 26
15, 8, 27
16, 8, 27
17, 8, 27
18, 8, 27
19, 8, 27
20, 8, 27
21, 8, 27
22, 8, 27
13, 8, 28
14, 8, 28
22, 8, 28
23, 8, 28
24, 8, 28
12, 8, 29
13, 8, 29
24, 8, 29
11, 8, 30
12, 8, 30
25, 8, 30
10, 8, 31
11, 8, 31
25, 8, 31
26, 8, 31
10, 8, 32
26, 8, 32
10, 8, 33
26, 8, 33
10, 8, 34
26, 8, 34
10, 8, 35
26, 8, 35
10, 8, 36
11, 8, 36
26, 8, 36
11, 8, 37
25, 8, 37
26, 8, 37
11, 8, 38
25, 8, 38
11, 8, 39
12, 8, 39
24, 8, 39
25, 8, 39
12, 8, 40
13, 8, 40
23, 8, 40
24, 8, 40
14, 8, 41
15, 8, 41
16, 8, 41
20, 8, 41
21, 8, 41
22, 8, 41
16, 8, 42
17, 8, 42
18, 8, 42
19, 8, 42
20, 8, 42
21, 9, 1
22, 9, 1
23, 9, 1
24, 9, 1
25, 9, 1
26, 9, 1
27, 9, 1
28, 9, 1
29, 9, 1
30, 9, 1
31, 9, 1
32, 9, 1
33, 9, 1
34, 9, 1
35, 9, 1
36, 9, 1
37, 9, 1
18, 9, 2
19, 9, 2
20, 9, 2
38, 9, 2
39, 9, 2
16, 9, 3
17, 9, 3
40, 9, 3
41, 9, 3
42, 9, 3
14, 9, 4
15, 9, 4
43, 9, 4
13, 9, 5
44, 9, 5
13, 9, 6
45, 9, 6
46, 9, 6
12, 9, 7
46, 9, 7
11, 9, 8
47, 9, 8
11, 9, 9
48, 9, 9
11, 9, 10
49, 9, 10
11, 9, 11
49, 9, 11
11, 9, 12
50, 9, 12
11, 9, 13
50, 9, 13
11, 9, 14
50, 9, 14
51, 9, 14
11, 9, 15
50, 9, 15
51, 9, 15
11, 9, 16
50, 9, 16
51, 9, 16
11, 9, 17
50, 9, 17
51, 9, 17
12, 9, 18
50, 9, 18
51, 9, 18
12, 9, 19
49, 9, 19
50, 9, 19
13, 9, 20
49, 9, 20
50, 9, 20
14, 9, 21
47, 9, 21
48, 9, 21
49, 9, 21
15, 9, 22
44, 9, 22
45, 9, 22
46, 9, 22
16, 9, 23
17, 9, 23
42, 9, 23
43, 9, 23
18, 9, 24
19, 9, 24
38, 9, 24
39, 9, 24
40, 9, 24
41, 9, 24
18, 9, 25
19, 9, 25
20, 9, 25
21, 9, 25
22, 9, 25
23, 9, 25
24, 9, 25
25, 9, 25
26, 9, 25
27, 9, 25
28, 9, 25
29, 9, 25
30, 9, 25
31, 9, 25
32, 9, 25
33, 9, 25
34, 9, 25
35, 9, 25
36, 9, 25
37, 9, 25
14, 9, 26
15, 9, 26
16, 9, 26
17, 9, 26
20, 9, 26
21, 9, 26
22, 9, 26
13, 9, 27
14, 9, 27
23, 9, 27
24, 9, 27
12, 9, 28
25, 9, 28
8, 9, 29
9, 9, 29
10, 9, 29
11, 9, 29
25, 9, 29
26, 9, 29
7, 9, 30
8, 9, 30
9, 9, 30
10, 9, 30
26, 9, 30
7, 9, 31
8, 9, 31
9, 9, 31
27, 9, 31
9, 9, 32
27, 9, 32
9, 9, 33
27, 9, 33
9, 9, 34
27, 9, 34
9, 9, 35
27, 9, 35
9, 9, 36
27, 9, 36
10, 9, 37
27, 9, 37
10, 9, 38
26, 9, 38
27, 9, 38
10, 9, 39
26, 9, 39
11, 9, 40
25, 9, 40
12, 9, 41
13, 9, 41
23, 9, 41
24, 9, 41
13, 9, 42
14, 9, 42
15, 9, 42
21, 9, 42
22, 9, 42
23, 9, 42
16, 9, 43
17, 9, 43
18, 9, 43
19, 9, 43
20, 9, 43
21, 9, 43
27, 10, 0
28, 10, 0
29, 10, 0
30, 10, 0
31, 10, 0
32, 10, 0
19, 10, 1
20, 10, 1
21, 10, 1
22, 10, 1
23, 10, 1
24, 10, 1
25, 10, 1
26, 10, 1
33, 10, 1
34, 10, 1
35, 10, 1
36, 10, 1
37, 10, 1
38, 10, 1
16, 10, 2
17, 10, 2
18, 10, 2
39, 10, 2
40, 10, 2
41, 10, 2
15, 10, 3
42, 10, 3
13, 10, 4
14, 10, 4
43, 10, 4
44, 10, 4
13, 10, 5
45, 10, 5
12, 10, 6
46, 10, 6
11, 10, 7
47, 10, 7
11, 10, 8
48, 10, 8
10, 10, 9
49, 10, 9
10, 10, 10
50, 10, 10
10, 10, 11
50, 10, 11
10, 10, 12
51, 10, 12
10, 10, 13
51, 10, 13
10, 10, 14
51, 10, 14
10, 10, 15
52, 10, 15
10, 10, 16
52, 10, 16
11, 10, 17
52, 10, 17
11, 10, 18
52, 10, 18
11, 10, 19
51, 10, 19
52, 10, 19
12, 10, 20
51, 10, 20
13, 10, 21
50, 10, 21
51, 10, 21
14, 10, 22
47, 10, 22
48, 10, 22
49, 10, 22
15, 10, 23
16, 10, 23
43, 10, 23
44, 10, 23
45, 10, 23
46, 10, 23
17, 10, 24
40, 10, 24
41, 10, 24
42, 10, 24
15, 10, 25
16, 10, 25
17, 10, 25
36, 10, 25
37, 10, 25
38, 10, 25
39, 10, 25
13, 10, 26
14, 10, 26
23, 10, 26
24, 10, 26
25, 10, 26
26, 10, 26
27, 10, 26
28, 10, 26
29, 10, 26
30, 10, 26
31, 10, 26
32, 10, 26
33, 10, 26
34, 10, 26
35, 10, 26
12, 10, 27
25, 10, 27
6, 10, 28
7, 10, 28
8, 10, 28
9, 10, 28
10, 10, 28
11, 10, 28
26, 10, 28
4, 10, 29
5, 10, 29
6, 10, 29
7, 10, 29
26, 10, 29
4, 10, 30
5, 10, 30
6, 10, 30
27, 10, 30
4, 10, 31
5, 10, 31
6, 10, 31
28, 10, 31
6, 10, 32
7, 10, 32
8, 10, 32
28, 10, 32
8, 10, 33
28, 10, 33
8, 10, 34
28, 10, 34
8, 10, 35
28, 10, 35
9, 10, 36
28, 10, 36
9, 10, 37
28, 10, 37
9, 10, 38
27, 10, 38
9, 10, 39
27, 10, 39
10, 10, 40
26, 10, 40
11, 10, 41
25, 10, 41
12, 10, 42
13, 10, 42
24, 10, 42
14, 10, 43
15, 10, 43
16, 10, 43
17, 10, 43
18, 10, 43
19, 10, 43
20, 10, 43
21, 10, 43
22, 10, 43
23, 10, 43
22, 11, 0
23, 11, 0
24, 11, 0
25, 11, 0
26, 11, 0
27, 11, 0
28, 11, 0
29, 11, 0
30, 11, 0
31, 11, 0
32, 11, 0
33, 11, 0
34, 11, 0
35, 11, 0
36, 11, 0
18, 11, 1
19, 11, 1
20, 11, 1
21, 11, 1
37, 11, 1
38, 11, 1
39, 11, 1
16, 11, 2
17, 11, 2
40, 11, 2
41, 11, 2
14, 11, 3
15, 11, 3
42, 11, 3
43, 11, 3
13, 11, 4
44, 11, 4
45, 11, 4
12, 11, 5
46, 11, 5
11, 11, 6
47, 11, 6
11, 11, 7
48, 11, 7
10, 11, 8
49, 11, 8
10, 11, 9
50, 11, 9
10, 11, 10
50, 11, 10
9, 11, 11
51, 11, 11
9, 11, 12
51, 11, 12
9, 11, 13
52, 11, 13
9, 11, 14
52, 11, 14
10, 11, 15
53, 11, 15
10, 11, 16
53, 11, 16
10, 11, 17
53, 11, 17
11, 11, 18
53, 11, 18
11, 11, 19
53, 11, 19
12, 11, 20
52, 11, 20
53, 11, 20
12, 11, 21
52, 11, 21
13, 11, 22
14, 11, 22
50, 11, 22
51, 11, 22
52, 11, 22
15, 11, 23
45, 11, 23
46, 11, 23
47, 11, 23
48, 11, 23
49, 11, 23
50, 11, 23
16, 11, 24
41, 11, 24
42, 11, 24
43, 11, 24
44, 11, 24
13, 11, 25
14, 11, 25
15, 11, 25
37, 11, 25
38, 11, 25
39, 11, 25
40, 11, 25
12, 11, 26
27, 11, 26
28, 11, 26
29, 11, 26
30, 11, 26
31, 11, 26
32, 11, 26
33, 11, 26
34, 11, 26
35, 11, 26
36, 11, 26
4, 11, 27
5, 11, 27
6, 11, 27
7, 11, 27
8, 11, 27
9, 11, 27
10, 11, 27
11, 11, 27
26, 11, 27
3, 11, 28
4, 11, 28
5, 11, 28
27, 11, 28
3, 11, 29
27, 11, 29
2, 11, 30
3, 11, 30
28, 11, 30
2, 11, 31
3, 11, 31
28, 11, 31
4, 11, 32
5, 11, 32
6, 11, 32
7, 11, 32
28, 11, 32
8, 11, 33
29, 11, 33
8, 11, 34
29, 11, 34
8, 11, 35
29, 11, 35
8, 11, 36
29, 11, 36
8, 11, 37
28, 11, 37
8, 11, 38
28, 11, 38
9, 11, 39
28, 11, 39
9, 11, 40
27, 11, 40
10, 11, 41
26, 11, 41
11, 11, 42
12, 11, 42
25, 11, 42
13, 11, 43
14, 11, 43
22, 11, 43
23, 11, 43
24, 11, 43
15, 11, 44
16, 11, 44
17, 11, 44
18, 11, 44
19, 11, 44
20, 11, 44
21, 11, 44
20, 12, 0
21, 12, 0
22, 12, 0
23, 12, 0
24, 12, 0
25, 12, 0
26, 12, 0
27, 12, 0
28, 12, 0
29, 12, 0
30, 12, 0
31, 12, 0
32, 12, 0
33, 12, 0
34, 12, 0
35, 12, 0
36, 12, 0
37, 12, 0
17, 12, 1
18, 12, 1
19, 12, 1
38, 12, 1
39, 12, 1
40, 12, 1
15, 12, 2
16, 12, 2
41, 12, 2
42, 12, 2
13, 12, 3
14, 12, 3
43, 12, 3
44, 12, 3
12, 12, 4
45, 12, 4
11, 12, 5
46, 12, 5
47, 12, 5
11, 12, 6
48, 12, 6
10, 12, 7
49, 12, 7
10, 12, 8
49, 12, 8
9, 12, 9
50, 12, 9
9, 12, 10
51, 12, 10
9, 12, 11
51, 12, 11
9, 12, 12
52, 12, 12
9, 12, 13
53, 12, 13
9, 12, 14
53, 12, 14
9, 12, 15
53, 12, 15
9, 12, 16
54, 12, 16
10, 12, 17
54, 12, 17
10, 12, 18
54, 12, 18
11, 12, 19
54, 12, 19
11, 12, 20
54, 12, 20
12, 12, 21
53, 12, 21
13, 12, 22
53, 12, 22
14, 12, 23
49, 12, 23
50, 12, 23
51, 12, 23
52, 12, 23
14, 12, 24
15, 12, 24
42, 12, 24
43, 12, 24
44, 12, 24
45, 12, 24
46, 12, 24
47, 12, 24
48, 12, 24
12, 12, 25
13, 12, 25
38, 12, 25
39, 12, 25
40, 12, 25
41, 12, 25
4, 12, 26
5, 12, 26
6, 12, 26
7, 12, 26
8, 12, 26
9, 12, 26
10, 12, 26
11, 12, 26
33, 12, 26
34, 12, 26
35, 12, 26
36, 12, 26
37, 12, 26
3, 12, 27
27, 12, 27
28, 12, 27
29, 12, 27
30, 12, 27
31, 12, 27
32, 12, 27
3, 12, 28
27, 12, 28
2, 12, 29
28, 12, 29
2, 12, 30
28, 12, 30
2, 12, 31
29, 12, 31
2, 12, 32
3, 12, 32
4, 12, 32
5, 12, 32
6, 12, 32
29, 12, 32
7, 12, 33
29, 12, 33
7, 12, 34
29, 12, 34
7, 12, 35
29, 12, 35
7, 12, 36
29, 12, 36
8, 12, 37
29, 12, 37
8, 12, 38
29, 12, 38
8, 12, 39
28, 12, 39
9, 12, 40
27, 12, 40
9, 12, 41
10, 12, 41
27, 12, 41
11, 12, 42
25, 12, 42
26, 12, 42
12, 12, 43
13, 12, 43
24, 12, 43
14, 12, 44
15, 12, 44
16, 12, 44
17, 12, 44
18, 12, 44
19, 12, 44
20, 12, 44
21, 12, 44
22, 12, 44
23, 12, 44
20, 13, 0
21, 13, 0
22, 13, 0
23, 13, 0
24, 13, 0
25, 13, 0
26, 13, 0
27, 13, 0
28, 13, 0
29, 13, 0
30, 13, 0
31, 13, 0
32, 13, 0
33, 13, 0
34, 13, 0
35, 13, 0
36, 13, 0
37, 13, 0
38, 13, 0
16, 13, 1
17, 13, 1
18, 13, 1
19, 13, 1
39, 13, 1
40, 13, 1
41, 13, 1
14, 13, 2
15, 13, 2
42, 13, 2
43, 13, 2
13, 13, 3
44, 13, 3
12, 13, 4
45, 13, 4
46, 13, 4
11, 13, 5
47, 13, 5
10, 13, 6
48, 13, 6
10, 13, 7
49, 13, 7
9, 13, 8
50, 13, 8
9, 13, 9
51, 13, 9
9, 13, 10
51, 13, 10
9, 13, 11
52, 13, 11
9, 13, 12
53, 13, 12
9, 13, 13
53, 13, 13
9, 13, 14
53, 13, 14
9, 13, 15
54, 13, 15
9, 13, 16
54, 13, 16
9, 13, 17
54, 13, 17
10, 13, 18
55, 13, 18
10, 13, 19
55, 13, 19
11, 13, 20
55, 13, 20
11, 13, 21
54, 13, 21
12, 13, 22
54, 13, 22
13, 13, 23
53, 13, 23
13, 13, 24
43, 13, 24
44, 13, 24
45, 13, 24
46, 13, 24
47, 13, 24
48, 13, 24
49, 13, 24
50, 13, 24
51, 13, 24
52, 13, 24
11, 13, 25
12, 13, 25
39, 13, 25
40, 13, 25
41, 13, 25
42, 13, 25
3, 13, 26
4, 13, 26
5, 13, 26
6, 13, 26
7, 13, 26
8, 13, 26
9, 13, 26
10, 13, 26
35, 13, 26
36, 13, 26
37, 13, 26
38, 13, 26
2, 13, 27
29, 13, 27
30, 13, 27
31, 13, 27
32, 13, 27
33, 13, 27
34, 13, 27
2, 13, 28
28, 13, 28
1, 13, 29
28, 13, 29
1, 13, 30
29, 13, 30
1, 13, 31
29, 13, 31
1, 13, 32
2, 13, 32
3, 13, 32
29, 13, 32
4, 13, 33
5, 13, 33
6, 13, 33
29, 13, 33
7, 13, 34
29, 13, 34
7, 13, 35
29, 13, 35
7, 13, 36
29, 13, 36
7, 13, 37
29, 13, 37
7, 13, 38
29, 13, 38
8, 13, 39
28, 13, 39
8, 13, 40
28, 13, 40
9, 13, 41
27, 13, 41
10, 13, 42
26, 13, 42
11, 13, 43
12, 13, 43
25, 13, 43
13, 13, 44
14, 13, 44
15, 13, 44
22, 13, 44
23, 13, 44
24, 13, 44
16, 13, 45
17, 13, 45
18, 13, 45
19, 13, 45
20, 13, 45
21, 13, 45
19, 14, 0
20, 14, 0
21, 14, 0
22, 14, 0
23, 14, 0
24, 14, 0
25, 14, 0
26, 14, 0
27, 14, 0
28, 14, 0
29, 14, 0
30, 14, 0
31, 14, 0
32, 14, 0
33, 14, 0
34, 14, 0
35, 14, 0
36, 14, 0
37, 14, 0
38, 14, 0
16, 14, 1
17, 14, 1
18, 14, 1
29, 14, 1
30, 14, 1
39, 14, 1
40, 14, 1
41, 14, 1
14, 14, 2
15, 14, 2
29, 14, 2
30, 14, 2
42, 14, 2
43, 14, 2
13, 14, 3
29, 14, 3
30, 14, 3
44, 14, 3
45, 14, 3
12, 14, 4
29, 14, 4
30, 14, 4
46, 14, 4
11, 14, 5
29, 14, 5
30, 14, 5
47, 14, 5
10, 14, 6
29, 14, 6
30, 14, 6
48, 14, 6
10, 14, 7
29, 14, 7
30, 14, 7
49, 14, 7
9, 14, 8
29, 14, 8
30, 14, 8
50, 14, 8
9, 14, 9
29, 14, 9
30, 14, 9
51, 14, 9
9, 14, 10
29, 14, 10
30, 14, 10
52, 14, 10
9, 14, 11
52, 14, 11
9, 14, 12
53, 14, 12
9, 14, 13
53, 14, 13
9, 14, 14
54, 14, 14
9, 14, 15
54, 14, 15
9, 14, 16
55, 14, 16
9, 14, 17
55, 14, 17
10, 14, 18
55, 14, 18
10, 14, 19
55, 14, 19
11, 14, 20
55, 14, 20
11, 14, 21
55, 14, 21
12, 14, 22
55, 14, 22
13, 14, 23
54, 14, 23
12, 14, 24
44, 14, 24
45, 14, 24
46, 14, 24
47, 14, 24
48, 14, 24
49, 14, 24
50, 14, 24
51, 14, 24
52, 14, 24
53, 14, 24
4, 14, 25
5, 14, 25
6, 14, 25
7, 14, 25
8, 14, 25
9, 14, 25
10, 14, 25
11, 14, 25
40, 14, 25
41, 14, 25
42, 14, 25
43, 14, 25
2, 14, 26
3, 14, 26
36, 14, 26
37, 14, 26
38, 14, 26
39, 14, 26
2, 14, 27
29, 14, 27
30, 14, 27
31, 14, 27
32, 14, 27
33, 14, 27
34, 14, 27
35, 14, 27
2, 14, 28
28, 14, 28
1, 14, 29
28, 14, 29
0, 14, 30
29, 14, 30
0, 14, 31
29, 14, 31
0, 14, 32
1, 14, 32
2, 14, 32
29, 14, 32
3, 14, 33
4, 14, 33
5, 14, 33
30, 14, 33
6, 14, 34
30, 14, 34
7, 14, 35
30, 14, 35
7, 14, 36
30, 14, 36
7, 14, 37
29, 14, 37
7, 14, 38
29, 14, 38
7, 14, 39
29, 14, 39
8, 14, 40
28, 14, 40
9, 14, 41
28, 14, 41
10, 14, 42
27, 14, 42
11, 14, 43
12, 14, 43
25, 14, 43
26, 14, 43
13, 14, 44
14, 14, 44
23, 14, 44
24, 14, 44
15, 14, 45
16, 14, 45
17, 14, 45
18, 14, 45
19, 14, 45
20, 14, 45
21, 14, 45
22, 14, 45
19, 15, 0
20, 15, 0
21, 15, 0
22, 15, 0
23, 15, 0
24, 15, 0
25, 15, 0
26, 15, 0
27, 15, 0
28, 15, 0
31, 15, 0
32, 15, 0
33, 15, 0
34, 15, 0
35, 15, 0
36, 15, 0
37, 15, 0
38, 15, 0
16, 15, 1
17, 15, 1
18, 15, 1
28, 15, 1
31, 15, 1
39, 15, 1
40, 15, 1
41, 15, 1
14, 15, 2
15, 15, 2
28, 15, 2
31, 15, 2
42, 15, 2
43, 15, 2
12, 15, 3
13, 15, 3
28, 15, 3
31, 15, 3
44, 15, 3
45, 15, 3
11, 15, 4
28, 15, 4
31, 15, 4
46, 15, 4
11, 15, 5
28, 15, 5
31, 15, 5
47, 15, 5
48, 15, 5
10, 15, 6
28, 15, 6
31, 15, 6
49, 15, 6
10, 15, 7
28, 15, 7
31, 15, 7
50, 15, 7
9, 15, 8
28, 15, 8
31, 15, 8
50, 15, 8
9, 15, 9
28, 15, 9
31, 15, 9
51, 15, 9
9, 15, 10
28, 15, 10
31, 15, 10
52, 15, 10
9, 15, 11
29, 15, 11
30, 15, 11
52, 15, 11
8, 15, 12
53, 15, 12
8, 15, 13
54, 15, 13
8, 15, 14
54, 15, 14
9, 15, 15
54, 15, 15
9, 15, 16
55, 15, 16
9, 15, 17
55, 15, 17
9, 15, 18
55, 15, 18
10, 15, 19
55, 15, 19
10, 15, 20
55, 15, 20
11, 15, 21
55, 15, 21
12, 15, 22
55, 15, 22
13, 15, 23
55, 15, 23
12, 15, 24
45, 15, 24
46, 15, 24
47, 15, 24
52, 15, 24
53, 15, 24
54, 15, 24
3, 15, 25
4, 15, 25
5, 15, 25
6, 15, 25
7, 15, 25
8, 15, 25
9, 15, 25
10, 15, 25
11, 15, 25
40, 15, 25
41, 15, 25
42, 15, 25
43, 15, 25
44, 15, 25
48, 15, 25
49, 15, 25
50, 15, 25
51, 15, 25
2, 15, 26
36, 15, 26
37, 15, 26
38, 15, 26
39, 15, 26
2, 15, 27
29, 15, 27
30, 15, 27
31, 15, 27
32, 15, 27
33, 15, 27
34, 15, 27
35, 15, 27
2, 15, 28
28, 15, 28
1, 15, 29
2, 15, 29
3, 15, 29
29, 15, 29
0, 15, 30
29, 15, 30
0, 15, 31
29, 15, 31
0, 15, 32
30, 15, 32
1, 15, 33
2, 15, 33
3, 15, 33
4, 15, 33
5, 15, 33
30, 15, 33
6, 15, 34
30, 15, 34
6, 15, 35
30, 15, 35
6, 15, 36
30, 15, 36
7, 15, 37
30, 15, 37
7, 15, 38
29, 15, 38
7, 15, 39
29, 15, 39
8, 15, 40
28, 15, 40
9, 15, 41
28, 15, 41
9, 15, 42
10, 15, 42
27, 15, 42
11, 15, 43
26, 15, 43
12, 15, 44
13, 15, 44
23, 15, 44
24, 15, 44
25, 15, 44
14, 15, 45
15, 15, 45
16, 15, 45
17, 15, 45
18, 15, 45
19, 15, 45
20, 15, 45
21, 15, 45
22, 15, 45
19, 16, 0
20, 16, 0
21, 16, 0
22, 16, 0
23, 16, 0
24, 16, 0
25, 16, 0
26, 16, 0
27, 16, 0
32, 16, 0
33, 16, 0
34, 16, 0
35, 16, 0
36, 16, 0
37, 16, 0
38, 16, 0
15, 16, 1
16, 16, 1
17, 16, 1
18, 16, 1
27, 16, 1
32, 16, 1
39, 16, 1
40, 16, 1
41, 16, 1
14, 16, 2
27, 16, 2
32, 16, 2
42, 16, 2
43, 16, 2
44, 16, 2
12, 16, 3
13, 16, 3
27, 16, 3
32, 16, 3
45, 16, 3
11, 16, 4
27, 16, 4
32, 16, 4
46, 16, 4
47, 16, 4
11, 16, 5
27, 16, 5
32, 16, 5
48, 16, 5
10, 16, 6
27, 16, 6
32, 16, 6
49, 16, 6
9, 16, 7
27, 16, 7
32, 16, 7
50, 16, 7
9, 16, 8
27, 16, 8
32, 16, 8
50, 16, 8
9, 16, 9
27, 16, 9
32, 16, 9
51, 16, 9
9, 16, 10
27, 16, 10
32, 16, 10
52, 16, 10
9, 16, 11
28, 16, 11
29, 16, 11
30, 16, 11
31, 16, 11
53, 16, 11
8, 16, 12
53, 16, 12
8, 16, 13
54, 16, 13
8, 16, 14
54, 16, 14
9, 16, 15
55, 16, 15
9, 16, 16
55, 16, 16
9, 16, 17
55, 16, 17
9, 16, 18
55, 16, 18
10, 16, 19
55, 16, 19
10, 16, 20
55, 16, 20
11, 16, 21
55, 16, 21
12, 16, 22
55, 16, 22
13, 16, 23
55, 16, 23
12, 16, 24
46, 16, 24
53, 16, 24
54, 16, 24
2, 16, 25
3, 16, 25
4, 16, 25
5, 16, 25
6, 16, 25
7, 16, 25
8, 16, 25
9, 16, 25
10, 16, 25
11, 16, 25
40, 16, 25
41, 16, 25
42, 16, 25
43, 16, 25
44, 16, 25
45, 16, 25
47, 16, 25
48, 16, 25
49, 16, 25
50, 16, 25
51, 16, 25
52, 16, 25
2, 16, 26
37, 16, 26
38, 16, 26
39, 16, 26
1, 16, 27
29, 16, 27
30, 16, 27
31, 16, 27
32, 16, 27
33, 16, 27
34, 16, 27
35, 16, 27
36, 16, 27
2, 16, 28
3, 16, 28
28, 16, 28
4, 16, 29
29, 16, 29
0, 16, 30
1, 16, 30
2, 16, 30
3, 16, 30
29, 16, 30
0, 16, 31
29, 16, 31
0, 16, 32
30, 16, 32
1, 16, 33
2, 16, 33
3, 16, 33
4, 16, 33
5, 16, 33
30, 16, 33
6, 16, 34
30, 16, 34
6, 16, 35
30, 16, 35
6, 16, 36
30, 16, 36
7, 16, 37
30, 16, 37
7, 16, 38
29, 16, 38
7, 16, 39
29, 16, 39
8, 16, 40
29, 16, 40
8, 16, 41
28, 16, 41
9, 16, 42
10, 16, 42
27, 16, 42
11, 16, 43
26, 16, 43
12, 16, 44
13, 16, 44
24, 16, 44
25, 16, 44
14, 16, 45
15, 16, 45
16, 16, 45
17, 16, 45
18, 16, 45
19, 16, 45
20, 16, 45
21, 16, 45
22, 16, 45
23, 16, 45
19, 17, 0
20, 17, 0
21, 17, 0
22, 17, 0
23, 17, 0
24, 17, 0
25, 17, 0
26, 17, 0
27, 17, 0
32, 17, 0
33, 17, 0
34, 17, 0
35, 17, 0
36, 17, 0
37, 17, 0
38, 17, 0
39, 17, 0
15, 17, 1
16, 17, 1
17, 17, 1
18, 17, 1
27, 17, 1
32, 17, 1
40, 17, 1
41, 17, 1
14, 17, 2
27, 17, 2
32, 17, 2
42, 17, 2
43, 17, 2
44, 17, 2
12, 17, 3
13, 17, 3
27, 17, 3
32, 17, 3
45, 17, 3
11, 17, 4
27, 17, 4
32, 17, 4
46, 17, 4
47, 17, 4
11, 17, 5
27, 17, 5
32, 17, 5
48, 17, 5
10, 17, 6
27, 17, 6
32, 17, 6
49, 17, 6
9, 17, 7
27, 17, 7
32, 17, 7
50, 17, 7
9, 17, 8
27, 17, 8
32, 17, 8
50, 17, 8
9, 17, 9
27, 17, 9
32, 17, 9
51, 17, 9
9, 17, 10
27, 17, 10
32, 17, 10
52, 17, 10
9, 17, 11
28, 17, 11
29, 17, 11
30, 17, 11
31, 17, 11
53, 17, 11
8, 17, 12
53, 17, 12
8, 17, 13
54, 17, 13
8, 17, 14
54, 17, 14
9, 17, 15
55, 17, 15
9, 17, 16
55, 17, 16
9, 17, 17
55, 17, 17
9, 17, 18
55, 17, 18
10, 17, 19
55, 17, 19
10, 17, 20
55, 17, 20
11, 17, 21
55, 17, 21
12, 17, 22
55, 17, 22
13, 17, 23
55, 17, 23
12, 17, 24
46, 17, 24
53, 17, 24
54, 17, 24
2, 17, 25
3, 17, 25
4, 17, 25
5, 17, 25
6, 17, 25
7, 17, 25
8, 17, 25
9, 17, 25
10, 17, 25
11, 17, 25
40, 17, 25
41, 17, 25
42, 17, 25
43, 17, 25
44, 17, 25
45, 17, 25
47, 17, 25
48, 17, 25
49, 17, 25
50, 17, 25
51, 17, 25
52, 17, 25
1, 17, 26
37, 17, 26
38, 17, 26
39, 17, 26
1, 17, 27
29, 17, 27
30, 17, 27
31, 17, 27
32, 17, 27
33, 17, 27
34, 17, 27
35, 17, 27
36, 17, 27
2, 17, 28
3, 17, 28
28, 17, 28
4, 17, 29
29, 17, 29
0, 17, 30
1, 17, 30
2, 17, 30
3, 17, 30
29, 17, 30
0, 17, 31
29, 17, 31
0, 17, 32
30, 17, 32
0, 17, 33
1, 17, 33
2, 17, 33
3, 17, 33
4, 17, 33
5, 17, 33
30, 17, 33
6, 17, 34
30, 17, 34
6, 17, 35
30, 17, 35
6, 17, 36
30, 17, 36
7, 17, 37
30, 17, 37
7, 17, 38
29, 17, 38
7, 17, 39
29, 17, 39
8, 17, 40
29, 17, 40
8, 17, 41
28, 17, 41
9, 17, 42
27, 17, 42
10, 17, 43
11, 17, 43
26, 17, 43
12, 17, 44
13, 17, 44
24, 17, 44
25, 17, 44
14, 17, 45
15, 17, 45
16, 17, 45
17, 17, 45
18, 17, 45
19, 17, 45
20, 17, 45
21, 17, 45
22, 17, 45
23, 17, 45
19, 18, 0
20, 18, 0
21, 18, 0
22, 18, 0
23, 18, 0
24, 18, 0
25, 18, 0
26, 18, 0
27, 18, 0
28, 18, 0
31, 18, 0
32, 18, 0
33, 18, 0
34, 18, 0
35, 18, 0
36, 18, 0
37, 18, 0
38, 18, 0
16, 18, 1
17, 18, 1
18, 18, 1
28, 18, 1
31, 18, 1
39, 18, 1
40, 18, 1
41, 18, 1
14, 18, 2
15, 18, 2
28, 18, 2
31, 18, 2
42, 18, 2
43, 18, 2
12, 18, 3
13, 18, 3
28, 18, 3
31, 18, 3
44, 18, 3
45, 18, 3
11, 18, 4
28, 18, 4
31, 18, 4
46, 18, 4
11, 18, 5
28, 18, 5
31, 18, 5
47, 18, 5
48, 18, 5
10, 18, 6
28, 18, 6
31, 18, 6
49, 18, 6
10, 18, 7
28, 18, 7
31, 18, 7
50, 18, 7
9, 18, 8
28, 18, 8
31, 18, 8
50, 18, 8
9, 18, 9
28, 18, 9
31, 18, 9
51, 18, 9
9, 18, 10
28, 18, 10
31, 18, 10
52, 18, 10
9, 18, 11
29, 18, 11
30, 18, 11
52, 18, 11
8, 18, 12
53, 18, 12
8, 18, 13
54, 18, 13
8, 18, 14
54, 18, 14
9, 18, 15
54, 18, 15
9, 18, 16
55, 18, 16
9, 18, 17
55, 18, 17
9, 18, 18
55, 18, 18
10, 18, 19
55, 18, 19
10, 18, 20
55, 18, 20
11, 18, 21
55, 18, 21
12, 18, 22
55, 18, 22
13, 18, 23
55, 18, 23
12, 18, 24
45, 18, 24
46, 18, 24
47, 18, 24
52, 18, 24
53, 18, 24
54, 18, 24
3, 18, 25
4, 18, 25
5, 18, 25
6, 18, 25
7, 18, 25
8, 18, 25
9, 18, 25
10, 18, 25
11, 18, 25
40, 18, 25
41, 18, 25
42, 18, 25
43, 18, 25
44, 18, 25
48, 18, 25
49, 18, 25
50, 18, 25
51, 18, 25
2, 18, 26
36, 18, 26
37, 18, 26
38, 18, 26
39, 18, 26
2, 18, 27
29, 18, 27
30, 18, 27
31, 18, 27
32, 18, 27
33, 18, 27
34, 18, 27
35, 18, 27
2, 18, 28
28, 18, 28
1, 18, 29
2, 18, 29
3, 18, 29
29, 18, 29
0, 18, 30
29, 18, 30
0, 18, 31
29, 18, 31
0, 18, 32
30, 18, 32
1, 18, 33
2, 18, 33
3, 18, 33
4, 18, 33
5, 18, 33
30, 18, 33
6, 18, 34
30, 18, 34
6, 18, 35
30, 18, 35
6, 18, 36
30, 18, 36
7, 18, 37
30, 18, 37
7, 18, 38
29, 18, 38
7, 18, 39
29, 18, 39
8, 18, 40
28, 18, 40
8, 18, 41
28, 18, 41
9, 18, 42
10, 18, 42
27, 18, 42
11, 18, 43
26, 18, 43
12, 18, 44
13, 18, 44
14, 18, 44
23, 18, 44
24, 18, 44
25, 18, 44
15, 18, 45
16, 18, 45
17, 18, 45
18, 18, 45
19, 18, 45
20, 18, 45
21, 18, 45
22, 18, 45
19, 19, 0
20, 19, 0
21, 19, 0
22, 19, 0
23, 19, 0
24, 19, 0
25, 19, 0
26, 19, 0
27, 19, 0
28, 19, 0
29, 19, 0
30, 19, 0
31, 19, 0
32, 19, 0
33, 19, 0
34, 19, 0
35, 19, 0
36, 19, 0
37, 19, 0
38, 19, 0
16, 19, 1
17, 19, 1
18, 19, 1
29, 19, 1
30, 19, 1
39, 19, 1
40, 19, 1
41, 19, 1
14, 19, 2
15, 19, 2
29, 19, 2
30, 19, 2
42, 19, 2
43, 19, 2
13, 19, 3
29, 19, 3
30, 19, 3
44, 19, 3
45, 19, 3
12, 19, 4
29, 19, 4
30, 19, 4
46, 19, 4
11, 19, 5
29, 19, 5
30, 19, 5
47, 19, 5
10, 19, 6
29, 19, 6
30, 19, 6
48, 19, 6
10, 19, 7
29, 19, 7
30, 19, 7
49, 19, 7
9, 19, 8
29, 19, 8
30, 19, 8
50, 19, 8
9, 19, 9
29, 19, 9
30, 19, 9
51, 19, 9
9, 19, 10
29, 19, 10
30, 19, 10
52, 19, 10
9, 19, 11
52, 19, 11
9, 19, 12
53, 19, 12
9, 19, 13
53, 19, 13
9, 19, 14
54, 19, 14
9, 19, 15
54, 19, 15
9, 19, 16
55, 19, 16
9, 19, 17
55, 19, 17
10, 19, 18
55, 19, 18
10, 19, 19
55, 19, 19
11, 19, 20
55, 19, 20
11, 19, 21
55, 19, 21
12, 19, 22
55, 19, 22
13, 19, 23
54, 19, 23
12, 19, 24
44, 19, 24
45, 19, 24
46, 19, 24
47, 19, 24
48, 19, 24
49, 19, 24
50, 19, 24
51, 19, 24
52, 19, 24
53, 19, 24
4, 19, 25
5, 19, 25
6, 19, 25
7, 19, 25
8, 19, 25
9, 19, 25
10, 19, 25
11, 19, 25
40, 19, 25
41, 19, 25
42, 19, 25
43, 19, 25
2, 19, 26
3, 19, 26
36, 19, 26
37, 19, 26
38, 19, 26
39, 19, 26
2, 19, 27
29, 19, 27
30, 19, 27
31, 19, 27
32, 19, 27
33, 19, 27
34, 19, 27
35, 19, 27
2, 19, 28
28, 19, 28
1, 19, 29
29, 19, 29
0, 19, 30
29, 19, 30
0, 19, 31
29, 19, 31
0, 19, 32
1, 19, 32
29, 19, 32
2, 19, 33
3, 19, 33
4, 19, 33
5, 19, 33
30, 19, 33
6, 19, 34
30, 19, 34
7, 19, 35
30, 19, 35
7, 19, 36
30, 19, 36
7, 19, 37
29, 19, 37
7, 19, 38
29, 19, 38
7, 19, 39
29, 19, 39
8, 19, 40
28, 19, 40
9, 19, 41
28, 19, 41
10, 19, 42
27, 19, 42
11, 19, 43
12, 19, 43
25, 19, 43
26, 19, 43
13, 19, 44
14, 19, 44
23, 19, 44
24, 19, 44
15, 19, 45
16, 19, 45
17, 19, 45
18, 19, 45
19, 19, 45
20, 19, 45
21, 19, 45
22, 19, 45
20, 20, 0
21, 20, 0
22, 20, 0
23, 20, 0
24, 20, 0
25, 20, 0
26, 20, 0
27, 20, 0
28, 20, 0
29, 20, 0
30, 20, 0
31, 20, 0
32, 20, 0
33, 20, 0
34, 20, 0
35, 20, 0
36, 20, 0
37, 20, 0
38, 20, 0
16, 20, 1
17, 20, 1
18, 20, 1
19, 20, 1
39, 20, 1
40, 20, 1
41, 20, 1
14, 20, 2
15, 20, 2
42, 20, 2
43, 20, 2
13, 20, 3
44, 20, 3
12, 20, 4
45, 20, 4
46, 20, 4
11, 20, 5
47, 20, 5
10, 20, 6
48, 20, 6
10, 20, 7
49, 20, 7
9, 20, 8
50, 20, 8
9, 20, 9
51, 20, 9
9, 20, 10
51, 20, 10
9, 20, 11
52, 20, 11
9, 20, 12
53, 20, 12
9, 20, 13
53, 20, 13
9, 20, 14
53, 20, 14
9, 20, 15
54, 20, 15
9, 20, 16
54, 20, 16
9, 20, 17
54, 20, 17
10, 20, 18
55, 20, 18
10, 20, 19
55, 20, 19
11, 20, 20
55, 20, 20
11, 20, 21
54, 20, 21
12, 20, 22
54, 20, 22
13, 20, 23
53, 20, 23
13, 20, 24
43, 20, 24
44, 20, 24
45, 20, 24
46, 20, 24
47, 20, 24
48, 20, 24
49, 20, 24
50, 20, 24
51, 20, 24
52, 20, 24
11, 20, 25
12, 20, 25
39, 20, 25
40, 20, 25
41, 20, 25
42, 20, 25
3, 20, 26
4, 20, 26
5, 20, 26
6, 20, 26
7, 20, 26
8, 20, 26
9, 20, 26
10, 20, 26
35, 20, 26
36, 20, 26
37, 20, 26
38, 20, 26
2, 20, 27
29, 20, 27
30, 20, 27
31, 20, 27
32, 20, 27
33, 20, 27
34, 20, 27
2, 20, 28
28, 20, 28
1, 20, 29
28, 20, 29
1, 20, 30
29, 20, 30
1, 20, 31
29, 20, 31
1, 20, 32
2, 20, 32
3, 20, 32
29, 20, 32
4, 20, 33
5, 20, 33
6, 20, 33
29, 20, 33
7, 20, 34
29, 20, 34
7, 20, 35
29, 20, 35
7, 20, 36
29, 20, 36
7, 20, 37
29, 20, 37
7, 20, 38
29, 20, 38
8, 20, 39
28, 20, 39
8, 20, 40
28, 20, 40
9, 20, 41
27, 20, 41
10, 20, 42
26, 20, 42
11, 20, 43
12, 20, 43
25, 20, 43
13, 20, 44
14, 20, 44
15, 20, 44
22, 20, 44
23, 20, 44
24, 20, 44
16, 20, 45
17, 20, 45
18, 20, 45
19, 20, 45
20, 20, 45
21, 20, 45
20, 21, 0
21, 21, 0
22, 21, 0
23, 21, 0
24, 21, 0
25, 21, 0
26, 21, 0
27, 21, 0
28, 21, 0
29, 21, 0
30, 21, 0
31, 21, 0
32, 21, 0
33, 21, 0
34, 21, 0
35, 21, 0
36, 21, 0
37, 21, 0
17, 21, 1
18, 21, 1
19, 21, 1
38, 21, 1
39, 21, 1
40, 21, 1
15, 21, 2
16, 21, 2
41, 21, 2
42, 21, 2
13, 21, 3
14, 21, 3
43, 21, 3
44, 21, 3
12, 21, 4
45, 21, 4
11, 21, 5
46, 21, 5
47, 21, 5
11, 21, 6
48, 21, 6
10, 21, 7
49, 21, 7
10, 21, 8
49, 21, 8
9, 21, 9
50, 21, 9
9, 21, 10
51, 21, 10
9, 21, 11
51, 21, 11
9, 21, 12
52, 21, 12
9, 21, 13
53, 21, 13
9, 21, 14
53, 21, 14
9, 21, 15
53, 21, 15
9, 21, 16
54, 21, 16
10, 21, 17
54, 21, 17
10, 21, 18
54, 21, 18
11, 21, 19
54, 21, 19
11, 21, 20
54, 21, 20
12, 21, 21
53, 21, 21
13, 21, 22
53, 21, 22
14, 21, 23
49, 21, 23
50, 21, 23
51, 21, 23
52, 21, 23
14, 21, 24
42, 21, 24
43, 21, 24
44, 21, 24
45, 21, 24
46, 21, 24
47, 21, 24
48, 21, 24
12, 21, 25
13, 21, 25
39, 21, 25
40, 21, 25
41, 21, 25
4, 21, 26
5, 21, 26
6, 21, 26
7, 21, 26
8, 21, 26
9, 21, 26
10, 21, 26
11, 21, 26
33, 21, 26
34, 21, 26
35, 21, 26
36, 21, 26
37, 21, 26
38, 21, 26
3, 21, 27
27, 21, 27
28, 21, 27
29, 21, 27
30, 21, 27
31, 21, 27
32, 21, 27
3, 21, 28
27, 21, 28
2, 21, 29
28, 21, 29
2, 21, 30
28, 21, 30
2, 21, 31
29, 21, 31
2, 21, 32
3, 21, 32
4, 21, 32
5, 21, 32
6, 21, 32
29, 21, 32
7, 21, 33
29, 21, 33
7, 21, 34
29, 21, 34
7, 21, 35
29, 21, 35
7, 21, 36
29, 21, 36
7, 21, 37
29, 21, 37
8, 21, 38
29, 21, 38
8, 21, 39
28, 21, 39
9, 21, 40
27, 21, 40
9, 21, 41
10, 21, 41
27, 21, 41
11, 21, 42
25, 21, 42
26, 21, 42
12, 21, 43
13, 21, 43
24, 21, 43
14, 21, 44
15, 21, 44
16, 21, 44
17, 21, 44
18, 21, 44
19, 21, 44
20, 21, 44
21, 21, 44
22, 21, 44
23, 21, 44
22, 22, 0
23, 22, 0
24, 22, 0
25, 22, 0
26, 22, 0
27, 22, 0
28, 22, 0
29, 22, 0
30, 22, 0
31, 22, 0
32, 22, 0
33, 22, 0
34, 22, 0
35, 22, 0
36, 22, 0
18, 22, 1
19, 22, 1
20, 22, 1
21, 22, 1
37, 22, 1
38, 22, 1
39, 22, 1
15, 22, 2
16, 22, 2
17, 22, 2
40, 22, 2
41, 22, 2
14, 22, 3
42, 22, 3
43, 22, 3
13, 22, 4
44, 22, 4
45, 22, 4
12, 22, 5
46, 22, 5
11, 22, 6
47, 22, 6
11, 22, 7
48, 22, 7
10, 22, 8
49, 22, 8
10, 22, 9
50, 22, 9
10, 22, 10
50, 22, 10
10, 22, 11
51, 22, 11
9, 22, 12
51, 22, 12
9, 22, 13
52, 22, 13
9, 22, 14
52, 22, 14
10, 22, 15
53, 22, 15
10, 22, 16
53, 22, 16
10, 22, 17
53, 22, 17
11, 22, 18
53, 22, 18
11, 22, 19
53, 22, 19
12, 22, 20
52, 22, 20
53, 22, 20
12, 22, 21
52, 22, 21
13, 22, 22
14, 22, 22
50, 22, 22
51, 22, 22
52, 22, 22
15, 22, 23
45, 22, 23
46, 22, 23
47, 22, 23
48, 22, 23
49, 22, 23
50, 22, 23
15, 22, 24
16, 22, 24
41, 22, 24
42, 22, 24
43, 22, 24
44, 22, 24
13, 22, 25
14, 22, 25
37, 22, 25
38, 22, 25
39, 22, 25
40, 22, 25
12, 22, 26
27, 22, 26
28, 22, 26
29, 22, 26
30, 22, 26
31, 22, 26
32, 22, 26
33, 22, 26
34, 22, 26
35, 22, 26
36, 22, 26
4, 22, 27
5, 22, 27
6, 22, 27
7, 22, 27
8, 22, 27
9, 22, 27
10, 22, 27
11, 22, 27
26, 22, 27
3, 22, 28
4, 22, 28
5, 22, 28
27, 22, 28
3, 22, 29
27, 22, 29
2, 22, 30
3, 22, 30
28, 22, 30
2, 22, 31
3, 22, 31
28, 22, 31
4, 22, 32
5, 22, 32
6, 22, 32
7, 22, 32
28, 22, 32
8, 22, 33
29, 22, 33
8, 22, 34
29, 22, 34
8, 22, 35
29, 22, 35
8, 22, 36
29, 22, 36
8, 22, 37
28, 22, 37
8, 22, 38
28, 22, 38
9, 22, 39
28, 22, 39
9, 22, 40
27, 22, 40
10, 22, 41
26, 22, 41
11, 22, 42
12, 22, 42
25, 22, 42
13, 22, 43
14, 22, 43
23, 22, 43
24, 22, 43
15, 22, 44
16, 22, 44
17, 22, 44
18, 22, 44
19, 22, 44
20, 22, 44
21, 22, 44
22, 22, 44
27, 23, 0
28, 23, 0
29, 23, 0
30, 23, 0
31, 23, 0
32, 23, 0
19, 23, 1
20, 23, 1
21, 23, 1
22, 23, 1
23, 23, 1
24, 23, 1
25, 23, 1
26, 23, 1
33, 23, 1
34, 23, 1
35, 23, 1
36, 23, 1
37, 23, 1
38, 23, 1
16, 23, 2
17, 23, 2
18, 23, 2
39, 23, 2
40, 23, 2
41, 23, 2
15, 23, 3
42, 23, 3
13, 23, 4
14, 23, 4
43, 23, 4
44, 23, 4
13, 23, 5
45, 23, 5
12, 23, 6
46, 23, 6
11, 23, 7
47, 23, 7
11, 23, 8
48, 23, 8
10, 23, 9
49, 23, 9
10, 23, 10
50, 23, 10
10, 23, 11
50, 23, 11
10, 23, 12
51, 23, 12
10, 23, 13
51, 23, 13
10, 23, 14
51, 23, 14
10, 23, 15
52, 23, 15
10, 23, 16
52, 23, 16
11, 23, 17
52, 23, 17
11, 23, 18
52, 23, 18
11, 23, 19
51, 23, 19
52, 23, 19
12, 23, 20
51, 23, 20
13, 23, 21
50, 23, 21
51, 23, 21
14, 23, 22
47, 23, 22
48, 23, 22
49, 23, 22
15, 23, 23
16, 23, 23
43, 23, 23
44, 23, 23
45, 23, 23
46, 23, 23
17, 23, 24
40, 23, 24
41, 23, 24
42, 23, 24
15, 23, 25
16, 23, 25
36, 23, 25
37, 23, 25
38, 23, 25
39, 23, 25
13, 23, 26
14, 23, 26
24, 23, 26
25, 23, 26
26, 23, 26
27, 23, 26
28, 23, 26
29, 23, 26
30, 23, 26
31, 23, 26
32, 23, 26
33, 23, 26
34, 23, 26
35, 23, 26
11, 23, 27
12, 23, 27
25, 23, 27
6, 23, 28
7, 23, 28
8, 23, 28
9, 23, 28
10, 23, 28
11, 23, 28
26, 23, 28
4, 23, 29
5, 23, 29
6, 23, 29
26, 23, 29
4, 23, 30
5, 23, 30
6, 23, 30
27, 23, 30
4, 23, 31
5, 23, 31
6, 23, 31
28, 23, 31
6, 23, 32
7, 23, 32
8, 23, 32
28, 23, 32
8, 23, 33
28, 23, 33
8, 23, 34
28, 23, 34
8, 23, 35
28, 23, 35
9, 23, 36
28, 23, 36
9, 23, 37
28, 23, 37
9, 23, 38
27, 23, 38
9, 23, 39
27, 23, 39
10, 23, 40
26, 23, 40
11, 23, 41
25, 23, 41
12, 23, 42
13, 23, 42
24, 23, 42
14, 23, 43
15, 23, 43
16, 23, 43
17, 23, 43
18, 23, 43
19, 23, 43
20, 23, 43
21, 23, 43
22, 23, 43
23, 23, 43
21, 24, 1
22, 24, 1
23, 24, 1
24, 24, 1
25, 24, 1
26, 24, 1
27, 24, 1
28, 24, 1
29, 24, 1
30, 24, 1
31, 24, 1
32, 24, 1
33, 24, 1
34, 24, 1
35, 24, 1
36, 24, 1
37, 24, 1
18, 24, 2
19, 24, 2
20, 24, 2
38, 24, 2
39, 24, 2
16, 24, 3
17, 24, 3
40, 24, 3
41, 24, 3
42, 24, 3
14, 24, 4
15, 24, 4
43, 24, 4
13, 24, 5
44, 24, 5
13, 24, 6
45, 24, 6
46, 24, 6
12, 24, 7
46, 24, 7
11, 24, 8
47, 24, 8
11, 24, 9
48, 24, 9
11, 24, 10
49, 24, 10
11, 24, 11
49, 24, 11
10, 24, 12
50, 24, 12
10, 24, 13
50, 24, 13
11, 24, 14
50, 24, 14
51, 24, 14
11, 24, 15
51, 24, 15
11, 24, 16
51, 24, 16
11, 24, 17
50, 24, 17
51, 24, 17
12, 24, 18
50, 24, 18
51, 24, 18
12, 24, 19
50, 24, 19
13, 24, 20
49, 24, 20
50, 24, 20
14, 24, 21
47, 24, 21
48, 24, 21
49, 24, 21
15, 24, 22
44, 24, 22
45, 24, 22
46, 24, 22
16, 24, 23
17, 24, 23
42, 24, 23
43, 24, 23
18, 24, 24
19, 24, 24
38, 24, 24
39, 24, 24
40, 24, 24
41, 24, 24
17, 24, 25
18, 24, 25
19, 24, 25
20, 24, 25
21, 24, 25
22, 24, 25
23, 24, 25
24, 24, 25
25, 24, 25
26, 24, 25
27, 24, 25
28, 24, 25
29, 24, 25
30, 24, 25
31, 24, 25
32, 24, 25
33, 24, 25
34, 24, 25
35, 24, 25
36, 24, 25
37, 24, 25
14, 24, 26
15, 24, 26
16, 24, 26
21, 24, 26
22, 24, 26
23, 24, 26
13, 24, 27
14, 24, 27
23, 24, 27
24, 24, 27
12, 24, 28
25, 24, 28
7, 24, 29
8, 24, 29
9, 24, 29
10, 24, 29
11, 24, 29
25, 24, 29
26, 24, 29
7, 24, 30
8, 24, 30
9, 24, 30
10, 24, 30
26, 24, 30
7, 24, 31
8, 24, 31
9, 24, 31
27, 24, 31
9, 24, 32
27, 24, 32
9, 24, 33
27, 24, 33
9, 24, 34
27, 24, 34
9, 24, 35
27, 24, 35
9, 24, 36
27, 24, 36
10, 24, 37
27, 24, 37
10, 24, 38
26, 24, 38
27, 24, 38
10, 24, 39
26, 24, 39
11, 24, 40
25, 24, 40
12, 24, 41
24, 24, 41
13, 24, 42
14, 24, 42
15, 24, 42
22, 24, 42
23, 24, 42
16, 24, 43
17, 24, 43
18, 24, 43
19, 24, 43
20, 24, 43
21, 24, 43
24, 25, 1
25, 25, 1
26, 25, 1
27, 25, 1
28, 25, 1
29, 25, 1
30, 25, 1
31, 25, 1
32, 25, 1
33, 25, 1
34, 25, 1
19, 25, 2
20, 25, 2
21, 25, 2
22, 25, 2
23, 25, 2
35, 25, 2
36, 25, 2
37, 25, 2
38, 25, 2
17, 25, 3
18, 25, 3
39, 25, 3
40, 25, 3
15, 25, 4
16, 25, 4
41, 25, 4
42, 25, 4
14, 25, 5
15, 25, 5
43, 25, 5
13, 25, 6
14, 25, 6
44, 25, 6
13, 25, 7
45, 25, 7
46, 25, 7
12, 25, 8
46, 25, 8
12, 25, 9
47, 25, 9
12, 25, 10
48, 25, 10
11, 25, 11
48, 25, 11
11, 25, 12
49, 25, 12
11, 25, 13
49, 25, 13
11, 25, 14
49, 25, 14
11, 25, 15
49, 25, 15
50, 25, 15
11, 25, 16
49, 25, 16
50, 25, 16
12, 25, 17
49, 25, 17
12, 25, 18
48, 25, 18
49, 25, 18
13, 25, 19
47, 25, 19
48, 25, 19
49, 25, 19
14, 25, 20
46, 25, 20
47, 25, 20
48, 25, 20
15, 25, 21
45, 25, 21
46, 25, 21
16, 25, 22
17, 25, 22
43, 25, 22
44, 25, 22
18, 25, 23
19, 25, 23
40, 25, 23
41, 25, 23
42, 25, 23
20, 25, 24
21, 25, 24
22, 25, 24
23, 25, 24
24, 25, 24
36, 25, 24
37, 25, 24
38, 25, 24
39, 25, 24
25, 25, 25
26, 25, 25
27, 25, 25
28, 25, 25
29, 25, 25
30, 25, 25
31, 25, 25
32, 25, 25
33, 25, 25
34, 25, 25
35, 25, 25
17, 25, 26
18, 25, 26
19, 25, 26
20, 25, 26
15, 25, 27
16, 25, 27
17, 25, 27
18, 25, 27
19, 25, 27
20, 25, 27
21, 25, 27
22, 25, 27
13, 25, 28
14, 25, 28
23, 25, 28
24, 25, 28
12, 25, 29
13, 25, 29
24, 25, 29
11, 25, 30
12, 25, 30
25, 25, 30
10, 25, 31
11, 25, 31
25, 25, 31
26, 25, 31
10, 25, 32
26, 25, 32
10, 25, 33
26, 25, 33
10, 25, 34
26, 25, 34
10, 25, 35
26, 25, 35
10, 25, 36
26, 25, 36
11, 25, 37
25, 25, 37
26, 25, 37
11, 25, 38
25, 25, 38
11, 25, 39
12, 25, 39
24, 25, 39
25, 25, 39
12, 25, 40
13, 25, 40
23, 25, 40
24, 25, 40
13, 25, 41
14, 25, 41
15, 25, 41
16, 25, 41
21, 25, 41
22, 25, 41
23, 25, 41
16, 25, 42
17, 25, 42
18, 25, 42
19, 25, 42
20, 25, 42
21, 25, 42
22, 26, 2
23, 26, 2
24, 26, 2
25, 26, 2
26, 26, 2
27, 26, 2
28, 26, 2
29, 26, 2
30, 26, 2
31, 26, 2
32, 26, 2
33, 26, 2
34, 26, 2
35, 26, 2
36, 26, 2
19, 26, 3
20, 26, 3
21, 26, 3
37, 26, 3
38, 26, 3
39, 26, 3
17, 26, 4
18, 26, 4
40, 26, 4
16, 26, 5
41, 26, 5
42, 26, 5
15, 26, 6
43, 26, 6
44, 26, 6
14, 26, 7
44, 26, 7
13, 26, 8
14, 26, 8
45, 26, 8
13, 26, 9
46, 26, 9
13, 26, 10
46, 26, 10
47, 26, 10
12, 26, 11
47, 26, 11
12, 26, 12
47, 26, 12
48, 26, 12
12, 26, 13
47, 26, 13
48, 26, 13
12, 26, 14
47, 26, 14
48, 26, 14
12, 26, 15
47, 26, 15
48, 26, 15
12, 26, 16
47, 26, 16
48, 26, 16
13, 26, 17
47, 26, 17
48, 26, 17
13, 26, 18
46, 26, 18
47, 26, 18
14, 26, 19
45, 26, 19
46, 26, 19
15, 26, 20
44, 26, 20
45, 26, 20
16, 26, 21
17, 26, 21
43, 26, 21
44, 26, 21
17, 26, 22
18, 26, 22
19, 26, 22
41, 26, 22
42, 26, 22
20, 26, 23
21, 26, 23
22, 26, 23
37, 26, 23
38, 26, 23
39, 26, 23
40, 26, 23
23, 26, 24
24, 26, 24
25, 26, 24
26, 26, 24
27, 26, 24
28, 26, 24
29, 26, 24
30, 26, 24
31, 26, 24
32, 26, 24
33, 26, 24
34, 26, 24
35, 26, 24
36, 26, 24
15, 26, 28
16, 26, 28
17, 26, 28
18, 26, 28
19, 26, 28
20, 26, 28
21, 26, 28
22, 26, 28
14, 26, 29
15, 26, 29
21, 26, 29
22, 26, 29
23, 26, 29
13, 26, 30
14, 26, 30
23, 26, 30
24, 26, 30
12, 26, 31
13, 26, 31
24, 26, 31
11, 26, 32
12, 26, 32
24, 26, 32
25, 26, 32
11, 26, 33
12, 26, 33
24, 26, 33
25, 26, 33
11, 26, 34
12, 26, 34
24, 26, 34
25, 26, 34
11, 26, 35
12, 26, 35
24, 26, 35
25, 26, 35
11, 26, 36
12, 26, 36
24, 26, 36
25, 26, 36
12, 26, 37
24, 26, 37
12, 26, 38
13, 26, 38
23, 26, 38
24, 26, 38
13, 26, 39
14, 26, 39
15, 26, 39
22, 26, 39
23, 26, 39
14, 26, 40
15, 26, 40
16, 26, 40
17, 26, 40
18, 26, 40
19, 26, 40
20, 26, 40
21, 26, 40
22, 26, 40
17, 26, 41
18, 26, 41
19, 26, 41
20, 26, 41
22, 27, 3
23, 27, 3
24, 27, 3
25, 27, 3
26, 27, 3
27, 27, 3
28, 27, 3
29, 27, 3
30, 27, 3
31, 27, 3
32, 27, 3
33, 27, 3
34, 27, 3
35, 27, 3
36, 27, 3
19, 27, 4
20, 27, 4
21, 27, 4
37, 27, 4
38, 27, 4
39, 27, 4
17, 27, 5
18, 27, 5
40, 27, 5
41, 27, 5
16, 27, 6
17, 27, 6
41, 27, 6
42, 27, 6
15, 27, 7
16, 27, 7
43, 27, 7
15, 27, 8
44, 27, 8
14, 27, 9
44, 27, 9
45, 27, 9
14, 27, 10
45, 27, 10
13, 27, 11
14, 27, 11
45, 27, 11
46, 27, 11
13, 27, 12
14, 27, 12
45, 27, 12
46, 27, 12
13, 27, 13
45, 27, 13
46, 27, 13
13, 27, 14
45, 27, 14
46, 27, 14
13, 27, 15
14, 27, 15
45, 27, 15
46, 27, 15
13, 27, 16
14, 27, 16
45, 27, 16
46, 27, 16
14, 27, 17
45, 27, 17
46, 27, 17
14, 27, 18
15, 27, 18
44, 27, 18
45, 27, 18
15, 27, 19
16, 27, 19
43, 27, 19
44, 27, 19
16, 27, 20
17, 27, 20
43, 27, 20
18, 27, 21
42, 27, 21
19, 27, 22
20, 27, 22
21, 27, 22
22, 27, 22
39, 27, 22
40, 27, 22
41, 27, 22
23, 27, 23
24, 27, 23
25, 27, 23
26, 27, 23
27, 27, 23
28, 27, 23
29, 27, 23
30, 27, 23
31, 27, 23
32, 27, 23
33, 27, 23
34, 27, 23
35, 27, 23
36, 27, 23
37, 27, 23
38, 27, 23
16, 27, 29
17, 27, 29
18, 27, 29
19, 27, 29
20, 27, 29
15, 27, 30
16, 27, 30
17, 27, 30
18, 27, 30
19, 27, 30
20, 27, 30
21, 27, 30
22, 27, 30
14, 27, 31
15, 27, 31
16, 27, 31
17, 27, 31
18, 27, 31
19, 27, 31
20, 27, 31
21, 27, 31
22, 27, 31
23, 27, 31
13, 27, 32
14, 27, 32
15, 27, 32
20, 27, 32
21, 27, 32
22, 27, 32
23, 27, 32
13, 27, 33
14, 27, 33
15, 27, 33
21, 27, 33
22, 27, 33
23, 27, 33
13, 27, 34
14, 27, 34
21, 27, 34
22, 27, 34
23, 27, 34
13, 27, 35
14, 27, 35
21, 27, 35
22, 27, 35
23, 27, 35
13, 27, 36
14, 27, 36
15, 27, 36
21, 27, 36
22, 27, 36
23, 27, 36
13, 27, 37
14, 27, 37
15, 27, 37
16, 27, 37
17, 27, 37
18, 27, 37
19, 27, 37
20, 27, 37
21, 27, 37
22, 27, 37
23, 27, 37
14, 27, 38
15, 27, 38
16, 27, 38
17, 27, 38
18, 27, 38
19, 27, 38
20, 27, 38
21, 27, 38
22, 27, 38
16, 27, 39
17, 27, 39
18, 27, 39
19, 27, 39
20, 27, 39
21, 27, 39
27, 28, 3
28, 28, 3
29, 28, 3
30, 28, 3
31, 28, 3
32, 28, 3
33, 28, 3
21, 28, 4
22, 28, 4
23, 28, 4
24, 28, 4
25, 28, 4
26, 28, 4
34, 28, 4
35, 28, 4
36, 28, 4
37, 28, 4
19, 28, 5
20, 28, 5
21, 28, 5
37, 28, 5
38, 28, 5
39, 28, 5
18, 28, 6
19, 28, 6
39, 28, 6
40, 28, 6
17, 28, 7
18, 28, 7
40, 28, 7
41, 28, 7
42, 28, 7
16, 28, 8
17, 28, 8
41, 28, 8
42, 28, 8
43, 28, 8
15, 28, 9
16, 28, 9
42, 28, 9
43, 28, 9
15, 28, 10
16, 28, 10
43, 28, 10
44, 28, 10
15, 28, 11
43, 28, 11
44, 28, 11
15, 28, 12
43, 28, 12
44, 28, 12
14, 28, 13
15, 28, 13
43, 28, 13
44, 28, 13
14, 28, 14
15, 28, 14
43, 28, 14
44, 28, 14
15, 28, 15
43, 28, 15
44, 28, 15
15, 28, 16
43, 28, 16
44, 28, 16
15, 28, 17
16, 28, 17
43, 28, 17
44, 28, 17
16, 28, 18
42, 28, 18
43, 28, 18
17, 28, 19
42, 28, 19
18, 28, 20
19, 28, 20
41, 28, 20
42, 28, 20
19, 28, 21
20, 28, 21
21, 28, 21
39, 28, 21
40, 28, 21
41, 28, 21
22, 28, 22
23, 28, 22
24, 28, 22
25, 28, 22
26, 28, 22
32, 28, 22
33, 28, 22
34, 28, 22
35, 28, 22
36, 28, 22
37, 28, 22
38, 28, 22
39, 28, 22
27, 28, 23
28, 28, 23
29, 28, 23
30, 28, 23
31, 28, 23
16, 28, 32
17, 28, 32
18, 28, 32
19, 28, 32
16, 28, 33
17, 28, 33
18, 28, 33
19, 28, 33
20, 28, 33
15, 28, 34
16, 28, 34
17, 28, 34
18, 28, 34
19, 28, 34
20, 28, 34
15, 28, 35
16, 28, 35
17, 28, 35
18, 28, 35
19, 28, 35
20, 28, 35
16, 28, 36
17, 28, 36
18, 28, 36
19, 28, 36
20, 28, 36
27, 29, 4
28, 29, 4
29, 29, 4
30, 29, 4
31, 29, 4
32, 29, 4
33, 29, 4
22, 29, 5
23, 29, 5
24, 29, 5
25, 29, 5
26, 29, 5
27, 29, 5
32, 29, 5
33, 29, 5
34, 29, 5
35, 29, 5
36, 29, 5
20, 29, 6
21, 29, 6
22, 29, 6
36, 29, 6
37, 29, 6
38, 29, 6
19, 29, 7
20, 29, 7
37, 29, 7
38, 29, 7
39, 29, 7
18, 29, 8
19, 29, 8
39, 29, 8
40, 29, 8
17, 29, 9
18, 29, 9
40, 29, 9
41, 29, 9
17, 29, 10
18, 29, 10
41, 29, 10
42, 29, 10
16, 29, 11
17, 29, 11
42, 29, 11
16, 29, 12
17, 29, 12
42, 29, 12
16, 29, 13
17, 29, 13
41, 29, 13
42, 29, 13
16, 29, 14
17, 29, 14
41, 29, 14
42, 29, 14
16, 29, 15
17, 29, 15
42, 29, 15
16, 29, 16
17, 29, 16
42, 29, 16
17, 29, 17
41, 29, 17
42, 29, 17
17, 29, 18
18, 29, 18
40, 29, 18
41, 29, 18
18, 29, 19
19, 29, 19
39, 29, 19
40, 29, 19
41, 29, 19
20, 29, 20
21, 29, 20
38, 29, 20
39, 29, 20
40, 29, 20
22, 29, 21
23, 29, 21
24, 29, 21
36, 29, 21
37, 29, 21
38, 29, 21
25, 29, 22
26, 29, 22
27, 29, 22
28, 29, 22
29, 29, 22
30, 29, 22
31, 29, 22
32, 29, 22
33, 29, 22
34, 29, 22
35, 29, 22
36, 29, 22
28, 30, 5
29, 30, 5
30, 30, 5
31, 30, 5
23, 30, 6
24, 30, 6
25, 30, 6
26, 30, 6
27, 30, 6
28, 30, 6
29, 30, 6
30, 30, 6
31, 30, 6
32, 30, 6
33, 30, 6
34, 30, 6
35, 30, 6
21, 30, 7
22, 30, 7
23, 30, 7
24, 30, 7
25, 30, 7
32, 30, 7
33, 30, 7
34, 30, 7
35, 30, 7
36, 30, 7
20, 30, 8
21, 30, 8
22, 30, 8
23, 30, 8
36, 30, 8
37, 30, 8
38, 30, 8
19, 30, 9
20, 30, 9
21, 30, 9
39, 30, 9
19, 30, 10
20, 30, 10
40, 30, 10
18, 30, 11
19, 30, 11
40, 30, 11
41, 30, 11
18, 30, 12
19, 30, 12
40, 30, 12
41, 30, 12
18, 30, 13
19, 30, 13
39, 30, 13
40, 30, 13
18, 30, 14
19, 30, 14
39, 30, 14
40, 30, 14
18, 30, 15
19, 30, 15
39, 30, 15
40, 30, 15
41, 30, 15
18, 30, 16
19, 30, 16
38, 30, 16
39, 30, 16
40, 30, 16
41, 30, 16
18, 30, 17
19, 30, 17
38, 30, 17
39, 30, 17
40, 30, 17
19, 30, 18
20, 30, 18
37, 30, 18
38, 30, 18
39, 30, 18
20, 30, 19
21, 30, 19
36, 30, 19
37, 30, 19
38, 30, 19
22, 30, 20
35, 30, 20
36, 30, 20
37, 30, 20
23, 30, 21
24, 30, 21
34, 30, 21
35, 30, 21
25, 30, 22
26, 30, 22
27, 30, 22
28, 30, 22
29, 30, 22
30, 30, 22
31, 30, 22
32, 30, 22
33, 30, 22
26, 31, 7
27, 31, 7
28, 31, 7
29, 31, 7
30, 31, 7
31, 31, 7
24, 31, 8
25, 31, 8
26, 31, 8
27, 31, 8
32, 31, 8
33, 31, 8
34, 31, 8
35, 31, 8
22, 31, 9
23, 31, 9
36, 31, 9
37, 31, 9
38, 31, 9
21, 31, 10
22, 31, 10
36, 31, 10
37, 31, 10
38, 31, 10
39, 31, 10
20, 31, 11
21, 31, 11
36, 31, 11
37, 31, 11
38, 31, 11
39, 31, 11
20, 31, 12
36, 31, 12
37, 31, 12
38, 31, 12
39, 31, 12
20, 31, 13
36, 31, 13
37, 31, 13
38, 31, 13
20, 31, 14
35, 31, 14
36, 31, 14
37, 31, 14
38, 31, 14
20, 31, 15
35, 31, 15
36, 31, 15
37, 31, 15
38, 31, 15
20, 31, 16
35, 31, 16
36, 31, 16
37, 31, 16
20, 31, 17
34, 31, 17
35, 31, 17
36, 31, 17
37, 31, 17
21, 31, 18
34, 31, 18
35, 31, 18
36, 31, 18
21, 31, 19
34, 31, 19
35, 31, 19
22, 31, 20
23, 31, 20
34, 31, 20
24, 31, 21
25, 31, 21
26, 31, 21
27, 31, 21
28, 31, 21
29, 31, 21
30, 31, 21
31, 31, 21
32, 31, 21
33, 31, 21
28, 31, 22
29, 31, 22
30, 31, 22
31, 31, 22
28, 32, 8
29, 32, 8
30, 32, 8
31, 32, 8
32, 32, 8
33, 32, 8
24, 32, 9
25, 32, 9
26, 32, 9
27, 32, 9
33, 32, 9
34, 32, 9
35, 32, 9
23, 32, 10
34, 32, 10
35, 32, 10
22, 32, 11
34, 32, 11
35, 32, 11
21, 32, 12
34, 32, 12
35, 32, 12
21, 32, 13
34, 32, 13
35, 32, 13
21, 32, 14
34, 32, 14
21, 32, 15
34, 32, 15
21, 32, 16
34, 32, 16
21, 32, 17
22, 32, 17
33, 32, 17
22, 32, 18
23, 32, 18
24, 32, 18
33, 32, 18
22, 32, 19
23, 32, 19
24, 32, 19
25, 32, 19
26, 32, 19
27, 32, 19
28, 32, 19
29, 32, 19
30, 32, 19
31, 32, 19
32, 32, 19
33, 32, 19
24, 32, 20
25, 32, 20
26, 32, 20
27, 32, 20
28, 32, 20
29, 32, 20
30, 32, 20
31, 32, 20
32, 32, 20
33, 32, 20
26, 33, 9
27, 33, 9
28, 33, 9
29, 33, 9
30, 33, 9
31, 33, 9
32, 33, 9
24, 33, 10
25, 33, 10
26, 33, 10
27, 33, 10
28, 33, 10
29, 33, 10
30, 33, 10
31, 33, 10
32, 33, 10
33, 33, 10
23, 33, 11
24, 33, 11
25, 33, 11
26, 33, 11
27, 33, 11
28, 33, 11
29, 33, 11
30, 33, 11
31, 33, 11
32, 33, 11
33, 33, 11
22, 33, 12
23, 33, 12
24, 33, 12
25, 33, 12
26, 33, 12
27, 33, 12
28, 33, 12
29, 33, 12
30, 33, 12
31, 33, 12
32, 33, 12
33, 33, 12
22, 33, 13
23, 33, 13
24, 33, 13
25, 33, 13
26, 33, 13
27, 33, 13
28, 33, 13
29, 33, 13
30, 33, 13
31, 33, 13
32, 33, 13
33, 33, 13
21, 33, 14
22, 33, 14
23, 33, 14
24, 33, 14
25, 33, 14
26, 33, 14
27, 33, 14
28, 33, 14
29, 33, 14
30, 33, 14
31, 33, 14
32, 33, 14
33, 33, 14
22, 33, 15
23, 33, 15
24, 33, 15
25, 33, 15
26, 33, 15
27, 33, 15
28, 33, 15
29, 33, 15
30, 33, 15
31, 33, 15
32, 33, 15
33, 33, 15
22, 33, 16
23, 33, 16
24, 33, 16
25, 33, 16
26, 33, 16
27, 33, 16
28, 33, 16
29, 33, 16
30, 33, 16
31, 33, 16
32, 33, 16
33, 33, 16
23, 33, 17
24, 33, 17
25, 33, 17
26, 33, 17
27, 33, 17
28, 33, 17
29, 33, 17
30, 33, 17
31, 33, 17
32, 33, 17
33, 33, 17
25, 33, 18
26, 33, 18
27, 33, 18
28, 33, 18
29, 33, 18
30, 33, 18
31, 33, 18
32, 33, 18